18 0 0 1323707820-831b8d3d8e9520a8b155e7a3902322b9 77 1655909059 1000
18 0 0 1323744900-ff30abb6d2b636c21511bf17c7c140d9 151 1655909060 1000
18 0 0 1323914400-818c534070c2bd7614d39150d8a797cb 67 1655909062 1000
18 0 0 1323938700-a9844a660e76e40f3c66b0c062c1ddc7 36 1655909063 1000
18 0 0 1323252780-558385c3fa29dc320adb6f1f8313cc71 45 1655909067 1000
18 0 0 1323173160-09084a773ed4ff434633b8b83745d139 100 1655909068 1000
18 0 0 1322963580-64cdc74f2b792a926480b2721ee963cf 57 1655909069 1000
18 0 0 1323843660-e44f474223943e71d405cd84bc3786e7 14 1655909070 1000
18 0 0 1322963580-64cdc74f2b792a926480b2721ee963cf 56 1655909072 1000
18 0 0 1324627560-ce53485513ba13d89e0d020148571126 110 1655909074 1000
18 0 0 1323937980-f23ac8f4e753c33b553e5d9562d82fc6 94 1655909074 1000
18 0 0 1323526200-63c76cd4e24b557c86d13c9b7f0b25fb 31 1655909075 1000
18 0 0 1323709560-ca7a6ab6d3fb76a0f959ca7c062dad20 51 1655909077 1000
18 0 0 1323469200-8ff1bc7ba2d71b340405a45966ab60ea 135 1655909083 1000
18 0 0 1323366780-ff3a9defef9c96ef3c8da456a0998ab4 57 1655909089 1000
18 0 0 1323533160-61b715ebf22d36e24c008fecaf0e8b55 140 1655909093 1000
18 0 0 1323523800-0f4290315614490d3148fcc0538869ba 43 1655909097 1000
18 0 0 1323344460-e5127f0e3f22ba7705948192d63366f2 42 1655909101 1000
18 0 0 1324752720-b3191cfea63ff92ef82126682a709b13 196 1655909102 1000
18 0 0 1323435540-ac7b2fdfe242cbb0e4c3f92c5473e909 10 1655909104 1000
18 0 0 1324741680-693ab3e462dcddc4d1217e118dcc524a 14 1655909116 1000
18 0 0 1323188880-1bd2efddc1d16d0863b4667e6b08d809 15 1655909118 1000
18 0 0 1323914400-818c534070c2bd7614d39150d8a797cb 45 1655909121 1000
18 0 0 1323593100-ebba42b1d4e1220d16f2724094a25b73 136 1655909122 1000
18 0 0 1324555860-ac607d83e7098bf987f3e2af9b9c01a8 27 1655909128 1000
18 0 0 1324209660-15e756e2317b102f0e9c68a5fc5c2862 92 1655909130 1000
18 0 0 1324447260-66dd7ff7bc6cdc88bcfbb12c0d3a1380 43 1655909130 1000
18 0 0 1323521640-5e7edad810ae74d1755eb6d1d8356b37 23 1655909133 1000
18 0 0 1324249140-e37de82b1f9d2b03d81af5064ffd73e8 8 1655909134 1000
18 0 0 1323769860-7e8913e9a8dea7df097f2dea2d1cbe5b 36 1655909138 1000
18 0 0 1323621600-0af3c64761258b073f0ed631fe4a1823 51 1655909139 1000
18 0 0 1323605580-a22936a927f13c2d7e2fd1bed42158b7 27 1655909140 1000
18 0 0 1323551700-606c7112bc391f1b2efbf0c05707bcc3 19 1655909141 1000
18 0 0 1323535020-5d3f94b25b86a51e68625605ebfa25da 6 1655909141 1000
18 0 0 1323412860-e47dadfa3140c7f519abb609af8a4a15 134 1655909143 1000
18 0 0 1323500040-e62ee1bcb40254d412f8d9c4240c2436 124 1655909147 1000
18 0 0 1323938880-12416567006f4058fae221496c3bb685 24 1655909149 1000
18 0 0 1324015260-b8c8a1a846438c381dd88055b4c68406 10 1655909150 1000
18 0 0 1322963580-64cdc74f2b792a926480b2721ee963cf 61 1655909152 1000
18 0 0 1322963580-64cdc74f2b792a926480b2721ee963cf 73 1655909153 1000
18 0 0 1322999400-8dd9f8349cfbddc670cfaef7f9d085f0 123 1655909155 1000
18 0 0 1324718520-a7de8575e335e50353e2378790a1aa05 49 1655909159 1000
18 0 0 1324382520-a9fc68e187e02280e96428167ad77f86 72 1655909162 1000
18 0 0 1323516240-bbad9c4304f7ed533ec82efb6c2789bf 12 1655909170 1000
18 0 0 1323401520-403381ed56d3dee7612e859b4d8cefdf 134 1655909175 1000
18 0 0 1323363660-9dddbd169ce7f7252c9310e0739b5239 38 1655909176 1000
18 0 0 1324747500-a6654cd645db0992d52ad2805a5dfa58 30 1655909178 1000
18 0 0 1323954240-e43ed3b59275dcdaf85651c94c4bf5bd 53 1655909183 1000
18 0 0 1323767580-6c071a3334e1176873d75f4e2963f7ff 67 1655909193 1000
18 0 0 1323526200-63c76cd4e24b557c86d13c9b7f0b25fb 38 1655909194 1000
18 0 0 1323356880-b00215cf803ae5a01a08d3e5a6e80853 136 1655909200 1000
18 0 0 1323510420-85b8553a9c881ecf03558efb315ac178 40 1655909202 1000
18 0 0 1323647400-4e7e262c736640fc485d6646c5d3ae93 49 1655909214 1000
18 0 0 1323683640-3231a3e8cf7a7075e823b77b1998e9d1 118 1655909215 1000
18 0 0 1323757680-e1610b43e019cb6f1718933b55dfd6a2 40 1655909218 1000
