31 0 0 1343623022-3f20a097132d812466f410c2e554cc4d 51 1655912442 1000
31 0 0 1343825896-55f8b3897d75fddbc396e98bdedc19d5 50 1655912444 1000
31 0 0 1343826312-f44a4f4608f3a80230fd6bdbff454bca 120 1655912444 1000
31 0 0 1343830087-dcf52f84e5998a89fe9c3741bcca5618 17 1655912450 1000
31 0 0 1343831027-ce65b6f75979c1f630656e9bd6e6c726 45 1655912452 1000
31 0 0 1343831315-2fa92200df59fe8a22ec0396b9659c18 19 1655912453 1000
31 0 0 1343831450-973a06ac3f961b5c2d4d5c0b754372b5 0 1655912455 1000
31 0 0 1343832063-860e14c5cd9fffee2e77228853d7265a 252 1655912461 1000
31 0 0 1343832063-860e14c5cd9fffee2e77228853d7265a 255 1655912462 1000
31 0 0 1343813080-58f97f2a98971a2dacfc2f996da0e1ea 193 1655912474 1000
31 0 0 1343907586-170f1a426220b3a36bf065b565bdddf4 0 1655912488 1000
31 0 0 1343989528-b8f9603feffd71aeb0c24f737307e835 58 1655912494 1000
31 0 0 1343989991-acb343eb71c41c433398fa8b324fc50a 30 1655912496 1000
31 0 0 1343832063-860e14c5cd9fffee2e77228853d7265a 563 1655912505 1000
31 0 0 1343847229-bf0ecf1d5447a8ce7b8e7f6cbdf90d90 0 1655912515 1000
31 0 0 1343847547-dacce612645bf61da9c0cd4570469fcf 44 1655912517 1000
31 0 0 1343655231-ece630922354fde0c0344096641c7ed5 0 1655912535 1000
31 0 0 1343656124-da1d6e1b165956c4a78e818d8a8d8697 41 1655912536 1000
31 0 0 1343626216-34396f53508ac6765e2fbc693124ea73 59 1655912547 1000
31 0 0 1343653743-be522e02de075f1b02cd6ed9ad9315e9 0 1655912562 1000
31 0 0 1343734199-06ab51de267eea564ad85dd665c9dfd5 45 1655912571 1000
31 0 0 1343736477-a0862c591a505b937a1446ea37bff18d 56 1655912572 1000
31 0 0 1343764686-4e47baf87b8e3c3cf75ac0d98f6b63b2 47 1655912574 1000
31 0 0 1343682549-764d33163c4dcae74c850c5942358cf0 99 1655912586 1000
31 0 0 1343682919-f9308f34806695020c7137928afe14ec 0 1655912588 1000
31 0 0 1343682984-4e713c80b0fd8e4d6005583cfe8249f7 17 1655912589 1000
31 0 0 1343684597-c420c35e67e15be06d5571bdaf630573 14 1655912594 1000
31 0 0 1343904067-ecb07975ae29dafdc9a9b90349ab57ca 17 1655912603 1000
31 0 0 1343649045-85d7ba1b4ebc737409f4c0d5c253e003 342 1655912603 1000
