43 0 0 1358397815-f7c5b3b4f70b33da067738787e26f23c 12 1655974593 1000
43 0 0 1358736960-e07bd6237e8bc54184ad898b9a9bb32a 120 1655974595 1000
43 0 0 1358687233-f716989e4b00aa25f04f0a6c45c240f3 0 1655974603 1000
43 0 0 1358682986-f61766afc6fc2a4a5f65630506259151 1 1655974604 1000
43 0 0 1358671767-67bfe0623ea31d6e5fa4ba0c039c61ea 93 1655974608 1000
43 0 0 1358696186-3b4fc1b52f85aa25a6397e3474cf7d95 0 1655974610 1000
43 0 0 1358748363-ce117ec915bc0dfa2b271e3747ad52c1 116 1655974626 1000
43 0 0 1358746788-8db9463d472509b51cf358af56413f13 114 1655974628 1000
43 0 0 1358746788-8db9463d472509b51cf358af56413f13 104 1655974628 1000
43 0 0 1358711405-cfcdb1111628b8a277de8ce81e687188 17 1655974629 1000
43 0 0 1358418360-4e6ab0782fb1947c2f1dbf5a58720605 26 1655974633 1000
43 0 0 1358414957-8d883cac812d78d23e42d01b09e1876e 9 1655974634 1000
43 0 0 1358413520-795bfd8c3315a40b90336e6c6874b2d3 78 1655974635 1000
43 0 0 1358413436-94f1730d1157ee47e9efed170b50a1b3 165 1655974637 1000
43 0 0 1358402436-5251667578ac0333719421205e5b6974 19 1655974641 1000
43 0 0 1358433856-45882d5bf30184bd92bde7d8d76f2342 17 1655974646 1000
43 0 0 1358441818-b0cfc783988964cefa04812c4a483b9d 1 1655974662 1000
43 0 0 1358740457-9e379cff8913acd54f49c44608493a9e 16 1655974668 1000
43 0 0 1358764042-ed04fc0270355046fe094f87ace06c08 31 1655974669 1000
43 0 0 1358397815-f7c5b3b4f70b33da067738787e26f23c 18 1655974670 1000
43 0 0 1358479886-18980ad5008e7dbe1876cdfd522a9baa 42 1655974678 1000
43 0 0 1358522542-d6598911dab29fb3c8d4bc21fed30ea2 20 1655974687 1000
43 0 0 1358726591-95f13acb163dd6a2bffd4a002296c1bb 28 1655974690 1000
43 0 0 1358740457-9e379cff8913acd54f49c44608493a9e 17 1655974691 1000
