1 0 0 1329945660-82fe94c93df8973cf11814125925ac2f 8 1655900875 1000
1 0 0 1330023179-56b182ed3bf0b6ddfe523b6c49ce9749 1 1655900883 1000
1 0 0 1330492140-1c43aa051756701e724fcf9ab194c0fb 0 1655900914 1000
1 0 0 1329959700-18d497cf08e3500f195066be60e6a201 18 1655900974 1000
1 0 0 1330009860-2d02f15efa966b9be9d49e1c10540a51 0 1655900981 1000
1 0 0 1330004323-01716668642026168429dca6547d433e 4 1655900982 1000
1 0 0 1329975968-0ae32e0da86f299a2b4a63f20b2d6480 3 1655900988 1000
1 0 0 1329975900-558ed8b7394e50782ca5ec105fa9455b 10 1655900989 1000
1 0 0 1329984180-318f794b620c1b1d8f2e3be9d9ebd318 23 1655901023 1000
1 0 0 1329978761-a45d88965e5bac55beace01ea9e5f35b 0 1655901027 1000
1 0 0 1329952272-2544c4b2feaf755018fb2bc89b70028f 31 1655901032 1000
1 0 0 1330123952-5d4d64de2bd16c29b42685a1572296a1 7 1655901061 1000
1 0 0 1330075980-36e2898fd09dc943894713da82dd206d 22 1655901072 1000
1 0 0 1329954660-1acd8e2c67e60b84ab7a182c607a0009 16 1655901082 1000
1 0 0 1330032823-adc2609fe5dc3f061e706d823008d3bf 22 1655901082 1000
1 0 0 1329948120-bc67907cacdd7f74f8dcf7c40c48bf91 1 1655901085 1000
1 0 0 1329924360-1c7c2f6e9224c548d2fff9cd85381a66 7 1655901086 1000
1 0 0 1330008838-e14858b7eb9a2be8a50518e3497ea92c 2 1655901092 1000
1 0 0 1329931296-8c97ce5251e1a4fb9a5b802218d55864 6 1655901094 1000
1 0 0 1329974836-de328d36a3026b2a7c368aa2cf8dcfb9 1 1655901099 1000
1 0 0 1329978120-6a1d96b870a1d4820376a6abde8f6d66 1 1655901108 1000
1 0 0 1330008838-e14858b7eb9a2be8a50518e3497ea92c 5 1655901109 1000
1 0 0 1329957060-b549353f48de7c228498c4b47b872dd3 3 1655901116 1000
1 0 0 1329955951-f9a32fb907d56467f8847ca8ee0f289e 0 1655901116 1000
1 0 0 1330008838-e14858b7eb9a2be8a50518e3497ea92c 6 1655901118 1000
1 0 0 1329959700-18d497cf08e3500f195066be60e6a201 14 1655901121 1000
1 0 0 1329973320-971c8716edc63f59f06ebafb6205ee99 0 1655901123 1000
1 0 0 1330008838-e14858b7eb9a2be8a50518e3497ea92c 0 1655901124 1000
1 0 0 1330123952-5d4d64de2bd16c29b42685a1572296a1 32 1655901134 1000
1 0 0 1330014300-8a9a6f82b0f998d39896a504fa92bf89 3 1655901137 1000
1 0 0 1330027277-e24ada09ba2346f41614a724a1fb3efa 0 1655901138 1000
1 0 0 1330191822-c3ba7217002f9fef7c48cde43d5cac87 1 1655901141 1000
1 0 0 1330322400-bed81d010d175360d3be6f6fc1857d22 0 1655901141 1000
1 0 0 1329945660-82fe94c93df8973cf11814125925ac2f 8 1655903800 1000
1 0 0 1330023179-56b182ed3bf0b6ddfe523b6c49ce9749 1 1655903808 1000
1 0 0 1330492140-1c43aa051756701e724fcf9ab194c0fb 0 1655903841 1000
1 0 0 1329959700-18d497cf08e3500f195066be60e6a201 18 1655903902 1000
1 0 0 1330009860-2d02f15efa966b9be9d49e1c10540a51 0 1655903909 1000
1 0 0 1330004323-01716668642026168429dca6547d433e 4 1655903910 1000
1 0 0 1329975968-0ae32e0da86f299a2b4a63f20b2d6480 3 1655903916 1000
1 0 0 1329975900-558ed8b7394e50782ca5ec105fa9455b 10 1655903918 1000
1 0 0 1329984180-318f794b620c1b1d8f2e3be9d9ebd318 23 1655903953 1000
1 0 0 1329978761-a45d88965e5bac55beace01ea9e5f35b 0 1655903956 1000
1 0 0 1329952272-2544c4b2feaf755018fb2bc89b70028f 31 1655903962 1000
1 0 0 1330123952-5d4d64de2bd16c29b42685a1572296a1 7 1655903991 1000
1 0 0 1330075980-36e2898fd09dc943894713da82dd206d 22 1655904002 1000
1 0 0 1329954660-1acd8e2c67e60b84ab7a182c607a0009 16 1655904012 1000
1 0 0 1330032823-adc2609fe5dc3f061e706d823008d3bf 22 1655904013 1000
1 0 0 1329948120-bc67907cacdd7f74f8dcf7c40c48bf91 1 1655904015 1000
1 0 0 1329924360-1c7c2f6e9224c548d2fff9cd85381a66 7 1655904016 1000
1 0 0 1330008838-e14858b7eb9a2be8a50518e3497ea92c 2 1655904022 1000
1 0 0 1329931296-8c97ce5251e1a4fb9a5b802218d55864 6 1655904024 1000
1 0 0 1329974836-de328d36a3026b2a7c368aa2cf8dcfb9 1 1655904030 1000
1 0 0 1329978120-6a1d96b870a1d4820376a6abde8f6d66 1 1655904038 1000
1 0 0 1330008838-e14858b7eb9a2be8a50518e3497ea92c 5 1655904039 1000
1 0 0 1329957060-b549353f48de7c228498c4b47b872dd3 3 1655904047 1000
1 0 0 1329955951-f9a32fb907d56467f8847ca8ee0f289e 0 1655904047 1000
1 0 0 1330008838-e14858b7eb9a2be8a50518e3497ea92c 6 1655904049 1000
1 0 0 1329959700-18d497cf08e3500f195066be60e6a201 14 1655904052 1000
1 0 0 1329973320-971c8716edc63f59f06ebafb6205ee99 0 1655904054 1000
1 0 0 1330008838-e14858b7eb9a2be8a50518e3497ea92c 0 1655904055 1000
1 0 0 1330123952-5d4d64de2bd16c29b42685a1572296a1 32 1655904065 1000
1 0 0 1330014300-8a9a6f82b0f998d39896a504fa92bf89 3 1655904068 1000
1 0 0 1330027277-e24ada09ba2346f41614a724a1fb3efa 0 1655904069 1000
1 0 0 1330191822-c3ba7217002f9fef7c48cde43d5cac87 1 1655904072 1000
1 0 0 1330322400-bed81d010d175360d3be6f6fc1857d22 0 1655904073 1000
