15 0 0 1328154900-413cb8c948359f428d0d87a4ea9f1b1f 220 1655908228 1000
15 0 0 1328245320-f9780230a1c3592e8275881ea2f4445b 266 1655908238 1000
15 0 0 1328310180-3883be5d5ba9b39ffba2da9cd07fccb0 56 1655908241 1000
15 0 0 1328123760-37f4da4a9ae7f016224688b0adb75601 46 1655908244 1000
15 0 0 1328205360-9999caa15e798e662ec70da6672163b2 57 1655908247 1000
15 0 0 1328227500-2258ab1fd22d947ff83514d38ba4d736 0 1655908253 1000
15 0 0 1328428800-541eed21ac57e9097e5d9ec0295ca695 119 1655908255 1000
15 0 0 1328151000-88d55893b28df055c63877873f411a9b 46 1655908257 1000
15 0 0 1328383980-680aabe8a7f7aaa599ebeafee6568f72 12 1655908265 1000
15 0 0 1328199600-22691daa27348a904a4f55baf08a7dcd 195 1655908270 1000
15 0 0 1328196180-fc1bac1aa2a95bf0186934a48f4ac6a6 73 1655908277 1000
15 0 0 1328137560-f551523d1c76cf5cd0e17bad8a2d98b9 0 1655908279 1000
15 0 0 1328140980-62007c53346c3521ad2b7912eaf98c9e 0 1655908283 1000
15 0 0 1328124600-e671f9481c8a0830b8f24a501331d965 1 1655908288 1000
15 0 0 1328125620-f670c1c3e73f8b51a4f3b1a1a6d52aab 2 1655908289 1000
15 0 0 1328128080-5f3d26af0daea5d75246c8e591f43740 200 1655908291 1000
15 0 0 1328129100-ed6b949314f599e59ce26f1594a4f4c3 0 1655908295 1000
15 0 0 1328147400-741d299b3309361809e70b782de2d69b 129 1655908300 1000
15 0 0 1328188980-09ba3691e6c868a98236d67f8f5048f4 45 1655908303 1000
15 0 0 1328180460-30ce566b976a96c0ba9fe17496a5cbd5 63 1655908306 1000
15 0 0 1328169000-6cde19fcf3ea4b0c523e1b0d740aee94 0 1655908308 1000
15 0 0 1328160600-ee6893fb28a5a556d951f9567441e095 96 1655908323 1000
15 0 0 1328151000-88d55893b28df055c63877873f411a9b 55 1655908328 1000
15 0 0 1328186460-7b8c21da358c9e8fcb78c987013fed40 70 1655908332 1000
15 0 0 1328201220-25b14ab98e02b24d662aa772b2eb1c5a 31 1655908337 1000
15 0 0 1328205600-81fbabd2b7f7d6233fd2b251c8526070 170 1655908349 1000
15 0 0 1328142660-fb53fb69d054d4eeffd65d7cca525613 213 1655908352 1000
15 0 0 1328880540-1b86e33f858804698748844081f63d9b 64 1655908353 1000
15 0 0 1328212860-389d6b137c9e4786228f6af400ebca11 247 1655908355 1000
15 0 0 1328211360-6469111b63620c1544f82f5b6e30fe21 32 1655908365 1000
15 0 0 1328192220-9bc1de4b0630f4c96c6ee04383b41f96 152 1655908377 1000
15 0 0 1328236200-ee11a2e1a323a61c4a2fe39be9932d65 33 1655908381 1000
15 0 0 1328160600-ee6893fb28a5a556d951f9567441e095 74 1655908383 1000
