21 0 0 1360965824-a2bfeceacb338be26b78470760862586 33 1655909628 1000
21 0 0 1360971148-249947eb105145c90c1bc0e467380ad3 0 1655909629 1000
21 0 0 1360965822-d35493792c73955d995cd9de9c50036e 123 1655909638 1000
21 0 0 1360984007-8dd4624da1de96c2e9216945a66ba5ba 131 1655909654 1000
21 0 0 1360983606-7db535180608c554af87005fdceac60a 271 1655909654 1000
21 0 0 1360978580-e807efa3b22cd680e5d8ed2ab38b8954 12 1655909657 1000
21 0 0 1360963850-2feebdaae1ee6973ea73852432d66dd9 0 1655909663 1000
21 0 0 1360955817-f2d92a3ce909c23e653256ed91a9aeed 58 1655909673 1000
21 0 0 1361193534-1019998a114bd3677d9cf69f66e65464 19 1655909765 1000
21 0 0 1360908696-b75c57cc0caa63d5ce1efdb078970e9d 54 1655909776 1000
21 0 0 1360914226-14800b09c88e334a3077eab7cd5c723b 33 1655909786 1000
21 0 0 1361404511-e41f808354ef24082d7dace0438d5c5f 73 1655909812 1000
21 0 0 1360940447-5f9e787da756eeb4f919dd2d85848dc0 8 1655909829 1000
21 0 0 1360926063-5c090ddcf8d27b3882d01b329df53e17 1 1655909864 1000
21 0 0 1360928316-29a6e1f8eb48814be01007f38a15b6b6 48 1655909873 1000
21 0 0 1360933546-fc1df28678f22da27c547ba92689e156 474 1655909878 1000
21 0 0 1360933546-fc1df28678f22da27c547ba92689e156 171 1655909881 1000
21 0 0 1360932425-49e243c830b0e523fecf02f3112ff17a 29 1655909882 1000
21 0 0 1360928607-84ef6cf746331bc444b39cf344f53867 18 1655909884 1000
21 0 0 1360995614-507c0eed2c85312d998bffb98a62dd1d 71 1655909910 1000
21 0 0 1360970440-d75079607041f8b733c1d6f9ad414852 0 1655909912 1000
21 0 0 1360972655-dbd8a01175af938ceafdeaffaf3b5120 204 1655909919 1000
21 0 0 1361034894-472d85da96f6e5a396e0fb80dd6d6194 29 1655909922 1000
21 0 0 1361038897-18b8cdd82810b469b0601c0d3a334fd9 76 1655909924 1000
21 0 0 1360913060-c836337d2af608f9cb9d2529481fdfe5 73 1655909931 1000
21 0 0 1361467164-74c302dcb6c83bfcf326020ed128780b 62 1655909933 1000
21 0 0 1360910669-c51d94a124f5591c1cf9236a6b5218c3 34 1655909940 1000
21 0 0 1360969298-a4b2daa7acbe9dc0e7a6db42e13d0b55 20 1655909946 1000
21 0 0 1360934598-5c86c171bca8ac35eaee8ef8d0b6943d 89 1655909947 1000
21 0 0 1360960817-c1b8218cc370ddb56e68582e9943ba72 7 1655909957 1000
21 0 0 1360909449-01930425915f443e4adc2e0b960415b8 67 1655909971 1000
21 0 0 1360920402-f61336900705be76a7e01973fd02f5c9 406 1655909973 1000
21 0 0 1360989394-7feb37b3683765a7649720c79335f7cf 131 1655909974 1000
21 0 0 1360975593-2fb196d67a9a5fba6a2def417c6e4395 126 1655909984 1000
