35 0 0 1363685275-4e750dd2099b4ce87b02cf0aaf6cbb72 427 1655972500 1000
35 0 0 1363741422-0f9758efb6d65df9427ea3d8634a0dcc 51 1655972517 1000
35 0 0 1363686078-7b39f968fba9bc2cc719c5e2d0affa8c 93 1655972545 1000
35 0 0 1363692819-5ab115507e10e0d78f0f9121ec3cf0bf 97 1655972555 1000
35 0 0 1363721280-d47638843fcc373ffb4d37e2c9db646d 195 1655972561 1000
35 0 0 1363743026-a0c7a231d7d88fcd20969bddc08a470d 44 1655972562 1000
35 0 0 1363717480-647fd39c955d64962039bb67516a47e2 77 1655972570 1000
35 0 0 1363702833-1a6a326bbb9647f23a05b33e34dc1404 24 1655972579 1000
35 0 0 1363797085-02e4cbf077c2a44c4f316c2020a37e23 1363 1655972585 1000
35 0 0 1363723262-f7ce2aba8f40dc38bb88c4782cf7d0c6 141 1655972597 1000
35 0 0 1363720687-34e0bac91bac7ac90f13ecfec3e8f6b9 10 1655972602 1000
35 0 0 1363720918-5b979e0c77b7d04ba563ba2d4bc3e90a 27 1655972603 1000
35 0 0 1363717740-8121b6ab280fb9da526f976bccf7ab67 10 1655972605 1000
35 0 0 1363721470-ad301b639fb81274500544ebdf7f54cc 1 1655972606 1000
35 0 0 1363717740-8121b6ab280fb9da526f976bccf7ab67 0 1655972607 1000
35 0 0 1363712832-31633b27d9d37ecca647c819d5ec9c86 40 1655972608 1000
35 0 0 1363721610-27fee36a6df49e1c0c47d6d1052c80e7 42 1655972610 1000
35 0 0 1363707962-45e911aacec41972435d58d5874486f2 138 1655972615 1000
35 0 0 1363697490-0eec4c3e4dd5b5c304f99d3ba922e1a2 41 1655972685 1000
35 0 0 1363891202-998ac1b0f87c0f421fbdf680f449e1a7 40 1655972695 1000
35 0 0 1363686678-425efff3abed855399411c273bd4f814 39 1655972710 1000
35 0 0 1363686289-0385a747d124b58dcd78b6115878dc7f 315 1655972714 1000
35 0 0 1366027551-63cc101d5a45fdb5f21504767d467e92 375 1655972725 1000
35 0 0 1366027551-63cc101d5a45fdb5f21504767d467e92 387 1655972726 1000
35 0 0 1366142482-fe5ee45ba15172d782c2edbfd1e987b2 347 1655972780 1000
35 0 0 1366079397-6113b6de2dd676e5373c9ba16a7fd09f 107 1655972783 1000
35 0 0 1366049772-44372c7339d16a91d9a10dd86f49eb86 423 1655972820 1000
