13 0 0 1358411862-42d73965e0c2a17dab548fc2ebeec124 1199 1655907867 1000
13 0 0 1359452288-2ce986026272a3a3ab049bbb4ee00436 63 1655907870 1000
13 0 0 1359462770-4105b9c4ffe87d987366630c45ad451c 74 1655907872 1000
13 0 0 1359446933-faf1492b38f138ab328be007390362ce 12 1655907873 1000
13 0 0 1359444792-78a1a1e6b46ef3b95dc388049a7b5e1f 245 1655907873 1000
13 0 0 1359441878-1b7c0841b1424fa081fb76c4210b5b0a 55 1655907874 1000
13 0 0 1359440399-77ea1fe6debb63dcdd8bd44e575322f2 69 1655907876 1000
13 0 0 1359484662-b19c0e5131159427ed1d548978661a59 27 1655907877 1000
13 0 0 1359125447-e7c6afdb4344b703ab6cd7bd771b4d20 55 1655907881 1000
13 0 0 1359082809-edf8c32892d4cd8a2245fe56bf64cf73 207 1655907883 1000
13 0 0 1359427419-06db7a1b29439c908edec85adc004ae2 18 1655907884 1000
13 0 0 1359499778-46ded539aebd37e8477a4bf9dc29c9c0 107 1655907886 1000
13 0 0 1359499131-d8c908a2e928534f00887d7e759fb10d 42 1655907887 1000
13 0 0 1359497466-748ddee079de61899fb9c221e8efec56 69 1655907889 1000
13 0 0 1359277433-05477a73781bf11b1339e5ba5d748c3a 144 1655907891 1000
13 0 0 1359280563-f8277fe00183ffbc22e6a5f3197cf5bd 405 1655907892 1000
13 0 0 1359386456-8ab443c6da96bc2a440606ef5f49e128 28 1655907897 1000
13 0 0 1359377442-8e5abc65237cccbc41b6634382e69789 3 1655907902 1000
13 0 0 1359439821-f9697eac31594af3d8f090f501ddfc84 85 1655907902 1000
13 0 0 1359389524-d363a12b9fc9cbac1eb3026b070bce67 57 1655907914 1000
13 0 0 1359389052-e6ee52578dc173bfb439143a26b84aec 84 1655907915 1000
13 0 0 1359356107-8bd763212ad54823c0ecd89064219d70 57 1655907919 1000
13 0 0 1359425361-50041cd3c49d8a5630c7cf523bdf3c5a 444 1655907922 1000
13 0 0 1359161756-fca6249d350512744263c8a19628c908 83 1655907929 1000
13 0 0 1359456372-d1c95dc1f927d6e1ef3d9f81d32b4440 146 1655907930 1000
13 0 0 1359334656-6d1b0349849796ceca068adcfca94936 42 1655907934 1000
13 0 0 1359441424-b2dcec493f34877cd2d64ed3ac0a42fe 63 1655907936 1000
13 0 0 1359389523-b8e4e9bb7a5ecb3f895cafaf99c46fb2 70 1655907937 1000
13 0 0 1359371730-80a617e8a9f02ff5e77d4a0536e86109 17 1655907942 1000
13 0 0 1359341799-7f51054729737b051ae1ca0e3af0657f 69 1655907942 1000
13 0 0 1359372568-da1952e177db71ca284197bdf278b6a4 100 1655907943 1000
13 0 0 1359289776-4cf82ea38787e1a393fbd678d17afcf9 35 1655907948 1000
13 0 0 1359223296-573a645b5db4d4e19fdd7b1b70fd02bc 3 1655907953 1000
13 0 0 1359268504-e600569e03c3e675492bc3e7c202e033 45 1655907955 1000
13 0 0 1358992727-00c0114ec124c3a7b60f47b476572d02 70 1655907958 1000
13 0 0 1359459687-fb9855c11d710184590972df57b42ea5 843 1655907964 1000
13 0 0 1359500899-8774a8d8a979c09d5f5f3160df0aa55f 124 1655907968 1000
13 0 0 1359061124-230f1250df0c135e78b182e1548994f0 67 1655907969 1000
13 0 0 1359280564-30da82f4f9e3ea791b17f4ff49966ea8 411 1655907982 1000
13 0 0 1359278434-296517394f89c31a08cd9be92845407f 74 1655907983 1000
13 0 0 1359333888-fb686cde60fb1d0545466d51a2e547b2 103 1655908001 1000
13 0 0 1359371524-066d68c3ca116aff70cb81ec94b98efb 1091 1655908006 1000
13 0 0 1359343612-ce65227c2099837a1b222ad0dbe14723 99 1655908010 1000
13 0 0 1359342751-62bc797ee261008297d465363e094482 22 1655908011 1000
13 0 0 1359338819-4b44c6bf3b16e9d93feb6c4647ad8206 154 1655908015 1000
13 0 0 1359354480-b3a3879b10af617474681666db39078b 69 1655908020 1000
13 0 0 1359354611-e6281116d0f5f5640a8c5e6a60555b8a 173 1655908030 1000
13 0 0 1359252442-bfa8df4ed8753e8a42a6feb9f5661ca7 158 1655908045 1000
13 0 0 1359258508-e9b03990f683ea7067dba44018fd554d 72 1655908047 1000
13 0 0 1359324794-74ede3e35312e50979ee9d46973d3e9e 113 1655908052 1000
