17 0 0 1358597810-1d88505619127089a3354b8da15f94e0 56 1655908705 1000
17 0 0 1358515827-bee7ad95a43f0d941402b67bc4e4da64 35 1655908705 1000
17 0 0 1358517792-74f9b97b2d63c93a90803ce9f9a223e8 44 1655908707 1000
17 0 0 1358519105-508857223b70d010071e23c79041b7f7 2 1655908708 1000
17 0 0 1358519307-9a8a579e0b0832000ce58d5e8ce25777 114 1655908709 1000
17 0 0 1358519787-a4c27ec313f793d6798eb412cd67b9ee 66 1655908710 1000
17 0 0 1358522730-4d2a4cd245e4f97ef7c39a568799e4ee 12 1655908712 1000
17 0 0 1358526529-945aecaa2b664ac4668345113a8b7a55 96 1655908715 1000
17 0 0 1358539770-c0d6a3f499a7d54a01d7b31de44716cb 158 1655908723 1000
17 0 0 1358544493-a6d85f5aa953066685123b00a13b47c1 672 1655908729 1000
17 0 0 1358458282-1c870a04e78c32fdeb628d2eb39efc2e 22 1655908732 1000
17 0 0 1358468695-950e896ff352695d12d397a25b99fc9e 102 1655908736 1000
17 0 0 1358488995-896ea06e2c2240199d6e48fb32179cbb 85 1655908743 1000
17 0 0 1358503878-dfbe6eeb8b9d739c3a9619d0078ba199 128 1655908749 1000
17 0 0 1358546592-e0aff76624c51e67e163bdbf94891134 32 1655908759 1000
17 0 0 1358603978-cd80e425da6234f823dd9f468b4d7c35 84 1655908760 1000
17 0 0 1358604359-e9c5292d7c04134770053435db70b123 29 1655908761 1000
17 0 0 1358607280-d7e1262763f5d49e31578e88b7809269 82 1655908761 1000
17 0 0 1358611030-6e8d2a2376ce869e434a4f46fdb1c067 36 1655908766 1000
17 0 0 1358615815-091b1d0465759473318b52264db152d1 1598 1655908767 1000
17 0 0 1358615963-10190f557f4f88e11002b10f87b0b42b 38 1655908768 1000
17 0 0 1358638605-70e283e65f5c8a3d08ac46e9f7cf96ae 129 1655908772 1000
17 0 0 1358637091-7870e1d9deabd59b31894bce7808fb8d 23 1655908773 1000
17 0 0 1358632151-bf7c402cdabbdc5c9f4cd009b4269340 217 1655908776 1000
17 0 0 1358630073-6f02d5602bb1dff881c05ee212b8c29c 45 1655908777 1000
17 0 0 1358629560-6c442ddddb386ad271b9feff164d7f05 16 1655908778 1000
17 0 0 1358628613-ebbdbdf5261e4a73c1952b4b06fb8d23 342 1655908780 1000
17 0 0 1358545032-8c682b2bee8d42cb29e7f5811c18c32f 99 1655908782 1000
17 0 0 1358591993-150b8cc815bb4951e8805cb6b4f9a28a 34 1655908783 1000
17 0 0 1358553325-656bff9c191734bee698350eb56910dd 42 1655908788 1000
17 0 0 1358564120-f6331059b899d3f2bf1cc9a9fefd23c2 880 1655908800 1000
17 0 0 1358449288-3fb83e4f9fa0fe3e6b72ff5d4d9f73e2 85 1655908803 1000
17 0 0 1358459269-22733cbe994a7a54921867073df0d659 89 1655908803 1000
17 0 0 1358356763-01c5eea909d136817eaf7f01c7b66b5d 64 1655908811 1000
17 0 0 1358425649-143b4de88a0b32f83473bef29c6c128f 146 1655908812 1000
17 0 0 1358515827-bee7ad95a43f0d941402b67bc4e4da64 17 1655908818 1000
17 0 0 1358581982-7c3898b2c46f1c6b3e05d3803334b1bc 22 1655908892 1000
17 0 0 1358489130-2c2c54d21480c167caaf3ff089a61721 69 1655908897 1000
17 0 0 1358356763-01c5eea909d136817eaf7f01c7b66b5d 47 1655908917 1000
17 0 0 1358396777-33eb05bf1e50409f6fd620e96e5db53e 88 1655908920 1000
17 0 0 1358625518-09b682023841d375be176c53dcb60733 15 1655908924 1000
17 0 0 1358468175-93a693a775d89d176319f7e9a7152d2b 29 1655908928 1000
17 0 0 1358613092-27754d2471c5b6359c906c5b53cc636b 139 1655908931 1000
17 0 0 1358499270-fdaf2562258acb57bbfd3647851179ae 95 1655908943 1000
17 0 0 1358631649-1e7d21fc59678bdf9fd7b0e420ef3f74 109 1655908949 1000
17 0 0 1358636151-56c5994a476d3ef38fe4cb0ab8793ad5 0 1655908952 1000
17 0 0 1358555834-b059840fed75e41af616501d88d9c596 149 1655908964 1000
17 0 0 1358489100-0099adec8de41927cd97b8d01429618b 160 1655908986 1000
17 0 0 1358366122-c54b7ba6427499f62708fb33b065deb1 61 1655909000 1000
17 0 0 1358478939-be5fc640a12890c896897576d2afa820 0 1655909011 1000
17 0 0 1358460261-7cd3044e67c309dccb84b5df328a9a3a 21 1655909011 1000
17 0 0 1358624493-5acf8ed3a13145851859d1951eaaacfe 29 1655909012 1000
