38 0 0 1365084558-df1238c30ee75473badf81a83f618695 0 1655973139 1000
38 0 0 1365269627-c2c6def934ff0f934f5be8c76047ba1e 47 1655973139 1000
38 0 0 1365255360-0c6324cb88672ffc94794808201e8a7f 35 1655973143 1000
38 0 0 1365313632-9a3e9f879290ba47eab20c3283e7de21 17 1655973157 1000
38 0 0 1365288763-6695a589d070c0030cefe1a49c34252c 31 1655973163 1000
38 0 0 1365240426-cf9ed5967221c8f19a50826f2df1ec6f 35 1655973171 1000
38 0 0 1365235329-f28bd31f0a25f557eb11332803fbcdf3 31 1655973173 1000
38 0 0 1365234538-88acd4f618b49110c6188b521f693eca 55 1655973173 1000
38 0 0 1365229449-ac50fb372c0b4bea2f97873ba64ce720 165 1655973177 1000
38 0 0 1365242111-22456b04c847b6fa31d5384b079fb71c 759 1655973182 1000
38 0 0 1365247354-8ff1c3d0a94ceea806fec6af8b884c8b 270 1655973194 1000
38 0 0 1365246900-59749e3bec886eec94428ee122c43a56 36 1655973195 1000
38 0 0 1365162797-48a535958a0f53278bbb1d68481e8756 45 1655973208 1000
38 0 0 1365349175-58a4f97ce16062ee5f9d4136145edf0a 27 1655973214 1000
38 0 0 1365717365-cc6d0e002fa3d044915a767659ea35e7 92 1655973219 1000
38 0 0 1365303350-7f9698d2b73a35edc454f4254ca24783 53 1655973225 1000
38 0 0 1365371954-edb29ed26cca237eeadf7c838d8c43f2 16 1655973235 1000
38 0 0 1365606223-4a8f66a98adcd1b95cb3c222d192859a 70 1655973256 1000
38 0 0 1365088940-eb1453dc1813b151b662701cf1661fd5 108 1655973312 1000
38 0 0 1365090811-4f87cd22e6054271fe43e259dd0e7d3d 0 1655973314 1000
38 0 0 1365090811-4f87cd22e6054271fe43e259dd0e7d3d 23 1655973315 1000
38 0 0 1365218499-3bedd6cfd5e890c6629d90eaeea1673d 20 1655973324 1000
38 0 0 1365182443-58fcd26e98c5d451875a5e1fef943a76 67 1655973333 1000
38 0 0 1365220172-c5cfae87a81922b86a9d0e23c5139bf1 381 1655973340 1000
38 0 0 1365170789-609fc7b82e07168eda1329110ce349fc 101 1655973356 1000
38 0 0 1365154751-e551cd72b96b8d92b6d07fffcc65b822 0 1655973359 1000
38 0 0 1365149513-6e0e8ef0483a224344293db0b4a76c3a 0 1655973366 1000
38 0 0 1365146517-d09dfbb904fa972ca3f9961de32fa971 2 1655973370 1000
38 0 0 1365165032-d7afb2254cec31b1f0542a59424f4d0e 117 1655973378 1000
38 0 0 1365164399-9af51c825bb53597db82f75dc35f2e72 58 1655973379 1000
38 0 0 1365160443-12b8e3ccc0c4bdfba38df71e4507193a 47 1655973385 1000
38 0 0 1365160772-1fea9fab876c13d490715d882ed38d87 60 1655973419 1000
38 0 0 1365672256-128eedffb7f5434dcbae62f655b2c8d9 65 1655973428 1000
38 0 0 1365303350-7f9698d2b73a35edc454f4254ca24783 30 1655973430 1000
38 0 0 1365109356-0e67dcb5bfe97f627e275011423543f4 134 1655973436 1000
38 0 0 1365717365-cc6d0e002fa3d044915a767659ea35e7 94 1655973436 1000
38 0 0 1365247713-baa9cb74782ed92ad733ddb67d3dd154 63 1655973440 1000
38 0 0 1365307987-06b992eeb24ac8ad1fb7fe5c8b1aeb40 121 1655973443 1000
38 0 0 1365538286-2fc98b8b6b8d507fe5c97166a184381f 15 1655973455 1000
