42 0 0 1360525192-949e43472d46dfaff277abff027f7011 29 1655974258 1000
42 0 0 1360780123-da608f4dd09bd4b5e43c7de0ed996b96 0 1655974267 1000
42 0 0 1360790485-ab84608ff3162c3523e779f9907bec54 25 1655974270 1000
42 0 0 1360689228-d2cddbe870b51141a1ceef996981a604 36 1655974283 1000
42 0 0 1360712406-c7f01c1754d82c65c4aa8f11a30eee06 29 1655974295 1000
42 0 0 1360794169-3d4e2c36b8ca0c89b165f787bdbe93dd 22 1655974304 1000
42 0 0 1360795649-72940aa76d0ce577514e53522f35ba74 15 1655974337 1000
42 0 0 1360557705-959a42ee8c56f4be1e049ea95b926ac1 4 1655974363 1000
42 0 0 1360590175-78052bcb8fb893dcc750573fbe8e6fee 28 1655974370 1000
42 0 0 1360588615-43b77bbda2fccc0cdeff639309fbf3df 54 1655974370 1000
42 0 0 1360549338-e64b7579bd1a9001fdd00d5e7b592b86 94 1655974396 1000
42 0 0 1360546760-8a67ce7819be7a5c38ae74037bbba38a 36 1655974397 1000
42 0 0 1360615782-46963c48de5d22ebfa653b3325b60b64 154 1655974414 1000
42 0 0 1360645458-838291ded1df8b823a0911986bb541ee 70 1655974424 1000
42 0 0 1360645569-08b2b6cd6a849e8e4b0278fb02e123f4 13 1655974425 1000
42 0 0 1360660831-859183df3f7a82a32b119421f6f47cd1 17 1655974430 1000
42 0 0 1360595127-37c8dc2c22cd32ba7a5985ea1325bd40 1 1655974442 1000
42 0 0 1360601703-d2eee720e90d35783ef59833d107c6bc 32 1655974452 1000
42 0 0 1360607313-e367df05ea46d881fb916e54dc5f76b9 11 1655974453 1000
42 0 0 1360609586-5cda85480abf421bb02760fcdf4096a9 13 1655974457 1000
42 0 0 1360784962-2d481485295d971624e1208405208f0a 38 1655974475 1000
42 0 0 1360628780-09773161e44b679a200c8c66c6c46269 46 1655974475 1000
42 0 0 1360870589-aef596e9192d97ae025a7afa0a2d4ea4 31 1655974476 1000
42 0 0 1360869934-dd25a4e72b776f0bcfed7ce69a570939 200 1655974507 1000
42 0 0 1360879780-d52a83c0820b19f8e66c290112a4b8ec 139 1655974517 1000
42 0 0 1360565029-6e91aef1c81131472292e03e6b5b9eee 28 1655974521 1000
42 0 0 1360598911-4e05ae5ea788b9d7c518a578580cb52d 62 1655974522 1000
42 0 0 1360859519-671250204510d2aed30422c6515fbfca 34 1655974529 1000
42 0 0 1360815839-2b4a3a1269698aeae33ada892a57baed 51 1655974535 1000
42 0 0 1360875952-a0e8ebb0d03e35e83835f8edee3e1e61 62 1655974537 1000
42 0 0 1360819608-55a45e7f30ed7c8bf897caa82069eb1a 222 1655974555 1000
42 0 0 1360677664-9ffe6adaa84215fe4623a2f8a300744f 53 1655974556 1000
42 0 0 1360662838-d74be67789cf464be575f7351a7d9460 17 1655974557 1000
42 0 0 1360645458-838291ded1df8b823a0911986bb541ee 58 1655974558 1000
42 0 0 1360688027-b5ade5a96035ff5bbf2ab3a835aa74c5 69 1655974563 1000
42 0 0 1360526616-53400e30d323240496bc3a47770363cf 34 1655974566 1000
42 0 0 1360774055-43f2a23ebd16f495e362a82a1257ef9d 83 1655974577 1000
42 0 0 1360615782-46963c48de5d22ebfa653b3325b60b64 162 1655974581 1000
