12 0 0 1328253900-86bc2b909c58b39f3ba2579bb59b613d 47 1655906377 1000
12 0 0 1328595600-35fdd31b664cb310b654c0c0b280f872 20 1655906377 1000
12 0 0 1327872780-653a5605d2320814cddc1ce79ad6dcfc 166 1655906378 1000
12 0 0 1328291940-17f652f8d998c3c14fb76f855d876ec1 24 1655906378 1000
12 0 0 1328382360-f6edafa5a746f3790016da3b22d38cec 41 1655906379 1000
12 0 0 1328186700-62b6ce5ac3a0936b97bb4b0a9d296672 42 1655906382 1000
12 0 0 1328382900-f223da4456fc290b533f0076e75c63dc 81 1655906384 1000
12 0 0 1328365740-cc5bff6c2bfaa63a0102590352ee8832 681 1655906385 1000
12 0 0 1328394060-f223ba8b3dd37c3a8b5a00a2be0c8bd2 146 1655906386 1000
12 0 0 1328424840-f90159a3ad1d7c6dee9a7aba6f05deef 133 1655906387 1000
12 0 0 1328284920-1db6a5abbf4e8663251c3e1a6302ee11 0 1655906387 1000
12 0 0 1328424840-f90159a3ad1d7c6dee9a7aba6f05deef 202 1655906388 1000
12 0 0 1328578800-d58e4f4730f0a7678c387cc0537d57d4 68 1655906410 1000
12 0 0 1328531520-93fa16c6e0a8df637759dd6e41addd49 5 1655906416 1000
12 0 0 1328531520-93fa16c6e0a8df637759dd6e41addd49 0 1655906417 1000
12 0 0 1328271540-9b0d2a91d9b349c1bcb7e988a1fc4ff3 5 1655906419 1000
12 0 0 1328013180-a7236a01930ebabb4853b254a1eeec6a 41 1655906421 1000
12 0 0 1329057900-88560465003216dd74e49a38c6339bfe 51 1655906427 1000
12 0 0 1328721060-8f17e763bb63f124abc15f990d82fc05 25 1655906436 1000
12 0 0 1328230500-5744a82bbe098d8ee525f0430711a94d 104 1655906436 1000
12 0 0 1328197440-445ec092ce28d44ee065e4b652a60e75 41 1655906438 1000
12 0 0 1328142420-fc2d8ee4dbf25df2fd2e67ae47eb564d 21 1655906441 1000
12 0 0 1328142420-fc2d8ee4dbf25df2fd2e67ae47eb564d 55 1655906446 1000
12 0 0 1328462040-3ed920150e696f62d1756901dd66597b 24 1655906447 1000
12 0 0 1328556480-d2975503b37b124753be753c3d98c9f3 10 1655906447 1000
12 0 0 1328235060-f2c9bb90c8c6eb5169b4e9ff9066b45a 12 1655906453 1000
12 0 0 1328431080-3ae6232951e4da4dca204ea0dc0f4def 48 1655906457 1000
12 0 0 1328655180-84b42ce1ad85d1574c950ce292b08c26 26 1655906462 1000
12 0 0 1329019560-4c63f4e35c4b0e3aee371dd995753e5f 275 1655906463 1000
12 0 0 1329043980-c28f57bb19dc5fa2ebb1fb4f4d95e3f4 128 1655906465 1000
