44 0 0 1334233920-7d2aed74e722d2f5867b6d5cd023790a 58 1655974702 1000
44 0 0 1334147820-fc61a8f0dd418d88745a5377900b669b 37 1655974704 1000
44 0 0 1334148685-e148d105dcba4f4c987c22f791a49cea 0 1655974704 1000
44 0 0 1334163018-35737b244ab915fef41480aa0e98e519 2 1655974707 1000
44 0 0 1334177040-9656e313899d2127ce1ce543d15cdf9a 24 1655974714 1000
44 0 0 1334146800-2639649cf0c08115942d41846bb8e58a 171 1655974719 1000
44 0 0 1334134805-f4a457a02cda9ae3fe22165af3f5310a 82 1655974722 1000
44 0 0 1334137320-3ea87ac1e868f6eb4a8027cf12ea5ba4 7 1655974726 1000
44 0 0 1334137800-ab1b95515c6dda5e3b9670fef4f4d69f 71 1655974728 1000
44 0 0 1334210400-924fd5528c8410858b2006a64682783e 44 1655974730 1000
44 0 0 1334140020-63297822e83083a031c625d5f7d0657f 18 1655974733 1000
44 0 0 1334140980-c58526b2df55471e1ba52728c362bab1 43 1655974736 1000
44 0 0 1334142960-95a34716bfcc8a8efb1b83113c1bd960 56 1655974738 1000
44 0 0 1334147280-328f4ffca0eafcb91066a1740e522270 257 1655974762 1000
44 0 0 1334272740-76d58b3820bb8d7a1a6f525d07df1557 27 1655974770 1000
44 0 0 1334135511-82403ce4ca1281a6a567ab2200c55beb 54 1655974773 1000
44 0 0 1334419684-a3098e0f5120abdc6c00815b74e09047 3 1655974776 1000
44 0 0 1334435700-806e1117d2f683f25c8799d6d67a5283 19 1655974777 1000
44 0 0 1334463900-d2f9e4097442e571964219c0e21c5486 85 1655974777 1000
44 0 0 1334147280-328f4ffca0eafcb91066a1740e522270 275 1655974782 1000
44 0 0 1334250420-adb03ea87147cb2872b0cb484946546b 82 1655974788 1000
44 0 0 1334155800-3eea952452092f4e596a32315b074fe0 0 1655974808 1000
44 0 0 1334154000-0d9399648505569770f8a129d5b4f29a 48 1655974809 1000
44 0 0 1334147820-fc61a8f0dd418d88745a5377900b669b 36 1655974811 1000
44 0 0 1334163459-dd88687838e3bb57582291a3d8f963eb 3 1655974813 1000
44 0 0 1334171940-fddeb0c56a7aecaca96ae38be7315012 27 1655974817 1000
44 0 0 1334167740-6282a7c39f71b7b23600186540c0499e 34 1655974818 1000
44 0 0 1334141040-ea7f064cb6ddbeaf7bb2cba6e907de94 31 1655974822 1000
44 0 0 1334239860-ee474188360e4f30fd8ce12885bb0146 0 1655974828 1000
44 0 0 1334149560-b50d70c8450db16c563ca650ec79140d 44 1655974834 1000
44 0 0 1334165889-3be450ae90dd06e3c23edebb8f3781be 0 1655974837 1000
44 0 0 1334169360-0409c51a3a30e88f3caf4aa31af8950c 30 1655974838 1000
44 0 0 1334135100-c0fb6f6bdd84bf4605a598cefb8c40a0 85 1655974839 1000
44 0 0 1334246700-8a35affda476809690cff30b2491dc2e 79 1655974850 1000
44 0 0 1334478240-dfc3b19646818a69eb89f13792a78fbd 24 1655974870 1000
44 0 0 1334223240-8e85b21e17eb467fff482d175d90b57f 68 1655974873 1000
44 0 0 1334157120-95f5dd3d2b2794ca36bd3ce85bd56747 0 1655974880 1000
44 0 0 1334202600-36f884395af811c04733e955f644ef79 7 1655974896 1000
44 0 0 1334137020-5b4f8fe1037d1439f66e258b24967152 276 1655974900 1000
44 0 0 1334194998-7cdd506cdb399cf0da12e92533116a8b 23 1655974909 1000
44 0 0 1334152320-282024318cff53a78951ed91045704a7 7 1655974916 1000
44 0 0 1334262120-190a8a7c1a50738c205c828ff24543a3 120 1655974921 1000
44 0 0 1334361960-00a3fccd099de29a56fd823e7d2e918a 85 1655974962 1000
44 0 0 1334238292-f724da3bafd86bd80aadd31099851380 23 1655974983 1000
44 0 0 1334310480-9143e7127adcfe2fb93b16dc7a3c7bcb 27 1655974987 1000
44 0 0 1334141760-338074239f86459de4f88c19de3cd740 80 1655974999 1000
44 0 0 1334135100-c0fb6f6bdd84bf4605a598cefb8c40a0 65 1655975012 1000
44 0 0 1334162040-918521d08fde23a4d481bd91c3a47436 115 1655975027 1000
44 0 0 1334221680-f4a049026129bf1842914c94d1f0e245 39 1655975030 1000
44 0 0 1334181840-3c7c51058f29d1f7d6470ad2b5e1cd29 50 1655975032 1000
44 0 0 1334168658-db9bbaa9ca561e45d3c1905117d9453e 8 1655975034 1000
44 0 0 1334147040-f4ebe5761fd78de296baa95c4ed9b26c 195 1655975040 1000
44 0 0 1334140253-0a677be529edb6288eae8aa40cc00303 58 1655975040 1000
44 0 0 1334135511-82403ce4ca1281a6a567ab2200c55beb 44 1655975055 1000
44 0 0 1334475840-882bd63afb3ccc06c0fd5493d4351c66 152 1655975058 1000
44 0 0 1334214840-665ef7a2bdc0e7f00f65c2cb6cc12253 26 1655975059 1000
44 0 0 1334217300-bf18f7ed0e7fbaa30915c501b8f312b2 152 1655975060 1000
44 0 0 1334340060-e0efff6edf4ef23cdba16aa0dc72b260 43 1655975067 1000
44 0 0 1334165889-3be450ae90dd06e3c23edebb8f3781be 68 1655975072 1000
44 0 0 1334145480-d549897c0b89cfdb6136808d7dda8640 27 1655975074 1000
44 0 0 1334170920-998e31b44e3344ede175c878d94a8ce6 95 1655975079 1000
