5 0 0 1346564923-d4aca4bb7780ecb583a26d5b5280864d 19 1655904839 1000
5 0 0 1346171593-e18ad7a91565e37ce932342b69b90453 3 1655904842 1000
5 0 0 1346843105-24194a9a5ad6acd8e735c4ab53f2638b 39 1655904843 1000
5 0 0 1346181580-606ab829b9088b0a4c2dd075e33a4b66 69 1655904844 1000
5 0 0 1346170830-71fa95a38de4eb4fd6f6e51e166e32ca 293 1655904846 1000
5 0 0 1346843105-24194a9a5ad6acd8e735c4ab53f2638b 54 1655904848 1000
5 0 0 1346560437-3af0210287d770ab9687a4d60993363d 238 1655904852 1000
5 0 0 1346772422-e7558683fb328c9c4a1207bd1f0f7083 4 1655904854 1000
5 0 0 1346208863-0f9c614fa5872e3a1fcf0e59610fed12 23 1655904855 1000
5 0 0 1346264923-04429598c13b916ff0a37f09f5a37575 27 1655904857 1000
5 0 0 1346489722-b4bb79e9b98d34ab042e27e12fb3da80 36 1655904862 1000
5 0 0 1346191034-8ac443ad55092ba50f089383c9d8b326 130 1655904864 1000
5 0 0 1346198024-7b4ff67d4c70b217d13f9370c858367d 62 1655904866 1000
5 0 0 1346273066-156939b2e9e40e5de766080fa5e3dd6a 18 1655904868 1000
5 0 0 1346197189-6a4766a2b16618b03bb0ce27b988bac4 2 1655904869 1000
5 0 0 1346193010-5c9842098912b67dce4fa0787094160d 15 1655904870 1000
5 0 0 1346223422-96f9e5b8b7d9e8c2ca5008047e3c5bea 100 1655904874 1000
5 0 0 1346169027-fd7b7a1012b6afda0837f86ec6aa78b4 8 1655904876 1000
5 0 0 1346212217-6089ab48c93bf05c6b2040bfa47cb6bc 25 1655904877 1000
5 0 0 1346168521-e83053ca0759638413af0eb59e681010 1 1655904884 1000
5 0 0 1346215442-d9e48d9cb25a636886b688fc26be921f 0 1655904895 1000
5 0 0 1346196227-9a22e28fb91e96aae82455c0877091ee 0 1655904901 1000
5 0 0 1346219799-23890dfeaa391a4d9dbde37610a3bc9f 34 1655904907 1000
5 0 0 1346244428-fac03d323bcda139f886e608c0a3abcf 3 1655904913 1000
5 0 0 1346635108-a62540ee636c027f808df76f91a5cfe8 67 1655904914 1000
5 0 0 1346519081-0811238b3a47f2e153df470ee737b8fb 12 1655904916 1000
5 0 0 1346348172-ee8b3bc6575400e7c8b490b7dfd66e20 5 1655904918 1000
5 0 0 1346247890-8a0eb493bb9dc5401d27f4ab8fdfffb6 11 1655904919 1000
5 0 0 1346285502-89b92da8fff8ccf1f9325387dcb3e84e 76 1655904924 1000
5 0 0 1346520581-cd99144f859d95c4a6c115889cc2143d 8 1655904928 1000
5 0 0 1346952005-e0740db4f2d750872ab4a325675689fd 4 1655904930 1000
5 0 0 1346930000-d76986487bca5894b241321105b3b611 1 1655904931 1000
5 0 0 1346520762-94f4c3b216107f30176721cfec0d087b 2 1655904932 1000
5 0 0 1346270158-b39ed2c7a226f68a216b66d9eb2fcd82 191 1655904934 1000
5 0 0 1346501396-5d6e57e0ff52a7df07e18123cfe41332 5 1655904943 1000
5 0 0 1346395921-4fda0c7baaa47239b807239f667abfb1 143 1655904944 1000
5 0 0 1346203862-7a7e8ae51f74c461c327725956e6f89e 20 1655904945 1000
