2 0 0 ff0bebb6d5d0fd066408e43d7876b6ab 23 1655892885 1000
2 0 0 63dd5f0f2015f9fd1b18708873d0c095 28 1655892903 1000
2 0 0 3327835e6e59c770891c529a96ac2d14 7 1655892928 1000
2 0 0 9fc7daab84ed4cc379e41d540582a562 5 1655892944 1000
2 0 0 888e20a5a0d94456a170a43bed6b0446 5 1655892964 1000
2 0 0 57551671aed0f5364bb87e39ac954a46 14 1655892993 1000
2 0 0 8300fcfcc0808eb55473d75e1ec45c39 103 1655893000 1000
2 0 0 cc5bfa6ec1ba279421c9a2fa83929b69 2 1655893000 1000
2 0 0 1fe770ca2068e581f7fff572b40f3065 0 1655893013 1000
2 0 0 5815934afd3424dfe164acb4b97e1930 5 1655893014 1000
2 0 0 da54482edb3be4eef46c8838e0f334c8 5 1655893017 1000
2 0 0 cebe38c42d6c70b7652f3730fa4e04c9 1 1655893026 1000
2 0 0 474b35c1993cbf2d24f72930d296b130 53 1655893034 1000
2 0 0 d78e4fe030c636c4d8caf00f768f821b 3 1655893034 1000
2 0 0 5e4ec62731473f7a22df20b824af508e 0 1655893047 1000
2 0 0 d243c213ad744e111fcb6222605cefe7 0 1655893049 1000
2 0 0 496db2635ad0364a4357c98ca11aece9 11 1655893051 1000
2 0 0 f1017bf46ec3896a2abfba1992b2d057 0 1655893055 1000
2 0 0 8bdf4b24383802ad336ef1626b0e12cf 42 1655893057 1000
2 0 0 8bdf4b24383802ad336ef1626b0e12cf 49 1655893058 1000
2 0 0 e1d392d44b76f1fae99b3337fa7c14b3 7 1655893073 1000
2 0 0 4a225455638dfb3937de689bc7042ac9 3 1655893079 1000
2 0 0 b81556c00de066b2d5d7e80ea625dbc8 14 1655893081 1000
2 0 0 c4b64c89cb404ea28172dffe9e7d6695 1 1655893082 1000
2 0 0 c99611b38de99a4444fa88589f5816ff 3 1655893084 1000
2 0 0 8898842e245cb8949876d0309b930156 5 1655893086 1000
2 0 0 eededc8eb99ec3073f033e33fc23c7c1 28 1655893087 1000
2 0 0 21318b80e54b68e2562000b729490302 7 1655893090 1000
2 0 0 398c762ac2b5620d1f27a73c7a8c416a 15 1655893097 1000
2 0 0 20ad569f8133d715aa52624a39fd82e0 0 1655893099 1000
2 0 0 9066a666b3dee26d8d2a3562109ee77c 0 1655893101 1000
2 0 0 a67f2b5d432504f44b78988516310d4a 0 1655893102 1000
2 0 0 d01bc583c156917cbf38122242a4610b 0 1655893104 1000
2 0 0 712c23938a3c4b544ad83d5aedb88ff4 0 1655893105 1000
2 0 0 8e6c602521814bf4a7e6ae56f4d29a98 0 1655893106 1000
2 0 0 f2c0506c9484063e59fee813d1a5c81f 0 1655893107 1000
2 0 0 e3e16c8c7dd780a3b4d6fe5bb455cddb 0 1655893109 1000
2 0 0 872a1071e734379c6fbde7f0ab38700b 0 1655893110 1000
2 0 0 2a56b890ef42c61faf8980969c611fb4 0 1655893111 1000
2 0 0 c171b772f794ae6877f03a1aadb6eb07 0 1655893112 1000
2 0 0 160ddbad3db1c5f6c74330ac00b98330 0 1655893114 1000
2 0 0 df28c673f5e608cc3bc3442bcb573ea2 0 1655893129 1000
2 0 0 0d4faab40aaaa166d9c1467acd362858 0 1655893131 1000
2 0 0 791c193b3f1fb8b31b351eaedb8ae71b 0 1655893133 1000
2 0 0 df699b06086918cf94e4ec9a63a234be 0 1655893134 1000
2 0 0 a1d0f97b3443eea3d06380de1fbc45b5 5 1655893137 1000
2 0 0 c127fc0b3f5e4554906c63ac212fe8e2 41 1655893139 1000
2 0 0 f63b60d4488601e997c89c368d01efc2 36 1655893140 1000
2 0 0 b96a546ace9a0ae19bd13886803166c5 1 1655893141 1000
2 0 0 1347381228-a07c62d3f07b711f62ee20ba1d36bb72 11 1655904118 1000
2 0 0 1347525598-12f32d00182245e8a97d96173f04acd4 15 1655904131 1000
2 0 0 1347468526-fff3a07debee3475957333ed0f66b8ed 93 1655904153 1000
2 0 0 1347987067-f2c0506c9484063e59fee813d1a5c81f 0 1655904164 1000
2 0 0 1347546511-e9b5954cf7963e2de9925889ae4ede91 3 1655904181 1000
2 0 0 1347491977-c6f9df611206425e93d98ee549d82c0f 4 1655904206 1000
2 0 0 1347528292-5815934afd3424dfe164acb4b97e1930 5 1655904212 1000
2 0 0 1347530916-a0d68e907fad646abd3f048a47230736 29 1655904213 1000
2 0 0 1347438004-a4419b708247f20603d2316263c4dd33 18 1655904226 1000
2 0 0 1347431874-6c71de0c11d09b823759ee069c97cde4 1 1655904227 1000
2 0 0 1347450315-256194e4516fa7d5bc4defb1fdb13299 5 1655904230 1000
2 0 0 1347425431-5b4e71c6b265d45a19a280a1425ab3da 57 1655904239 1000
2 0 0 1347472099-8dfd998604887a3d4db1d0ba8d187e20 80 1655904247 1000
2 0 0 1347473679-f63b60d4488601e997c89c368d01efc2 72 1655904248 1000
2 0 0 1347478290-474b35c1993cbf2d24f72930d296b130 86 1655904260 1000
2 0 0 1347445496-2576f0334d54b76e76c682ac5f9cb931 20 1655904262 1000
2 0 0 1347473679-63dd5f0f2015f9fd1b18708873d0c095 0 1655904265 1000
2 0 0 1347473679-63dd5f0f2015f9fd1b18708873d0c095 49 1655904268 1000
2 0 0 1347449268-133be83dd9e7d4c6b328d2514f408317 0 1655904270 1000
2 0 0 1347454080-d2573466073f5754f1f78156a3a49114 41 1655904272 1000
2 0 0 1347381973-ab2c1513acbe4d849c10f101d5b45e03 1 1655904287 1000
2 0 0 1347712714-8300fcfcc0808eb55473d75e1ec45c39 10 1655904294 1000
2 0 0 1347712714-8300fcfcc0808eb55473d75e1ec45c39 90 1655904295 1000
2 0 0 1347712714-8300fcfcc0808eb55473d75e1ec45c39 21 1655904297 1000
2 0 0 1347652198-9dd4a79736f1a32da9661699c47ab872 21 1655904298 1000
2 0 0 1347385133-9cab6d629e9ca987a79747cb2308cdc9 0 1655904300 1000
2 0 0 1347386549-57551671aed0f5364bb87e39ac954a46 14 1655904301 1000
2 0 0 1347374350-30d2d953c29d2e7ed303339345665cc4 51 1655904305 1000
2 0 0 1347380978-f56c5be1a0851c2645395a0d60f5803f 0 1655904311 1000
2 0 0 1347376727-c211ece44b0492eeac8042ee5140f225 4 1655904314 1000
2 0 0 1347366670-edc262e6aaa0e9b4e798d9043ad032d7 0 1655904315 1000
2 0 0 1347454628-f63b60d4488601e997c89c368d01efc2 83 1655904317 1000
2 0 0 1347456154-c417c44590790f893fc1d20fd932ab67 26 1655904319 1000
2 0 0 1347443501-ef5fc696b597b0fb3204dd7183514bb8 1 1655904321 1000
2 0 0 1347457547-68838e904f0ca9c5fb8998ad2f41fbba 0 1655904321 1000
2 0 0 1347457840-6f89f420d821ddd6788148ef80ad9f3d 6 1655904322 1000
2 0 0 1347445496-2576f0334d54b76e76c682ac5f9cb931 0 1655904324 1000
2 0 0 1347458693-03c213092a90be6d50584c6dcad7e224 3 1655904326 1000
2 0 0 1347445917-c85a58fce2328dc3f9b1c0eb2a39581d 29 1655904326 1000
2 0 0 1347442050-be3626e3f13158bcee280a7909821f9e 17 1655904328 1000
2 0 0 1347442227-c07d1fda4899a982cedbf355ae55db68 0 1655904329 1000
2 0 0 1347478290-474b35c1993cbf2d24f72930d296b130 76 1655904345 1000
2 0 0 1347590050-dbb0207a6b1643ef3d2c6ca8bff9ca41 15 1655904347 1000
2 0 0 1347539394-d34041700e57cd81ba76c2351e451a13 11 1655904349 1000
2 0 0 1347369111-888e20a5a0d94456a170a43bed6b0446 4 1655904350 1000
2 0 0 1347579497-93c57e6e42bdbf54d54700827073d19e 2 1655904353 1000
2 0 0 1347636792-ff032a58d30208199c7924f7b4f57983 46 1655904355 1000
2 0 0 1347608403-b81556c00de066b2d5d7e80ea625dbc8 14 1655904356 1000
2 0 0 1347608403-c4b64c89cb404ea28172dffe9e7d6695 1 1655904356 1000
2 0 0 1347541647-1fcb41f69278cf57f2be2003e9fac967 18 1655904359 1000
2 0 0 1347397733-c127fc0b3f5e4554906c63ac212fe8e2 41 1655904360 1000
2 0 0 1347538163-3a3c88d08da244704ddb7865c00c6f3d 0 1655904364 1000
2 0 0 1347594613-c67918f91364ef844ccd1bcb203accab 0 1655904365 1000
2 0 0 1347896907-c650f36f1031ced8126f5bc3cabca814 0 1655904372 1000
2 0 0 1347896907-4e27c9445b94c4322e874cbb9c4fa0e0 0 1655904385 1000
