27 0 0 1351529296-8a70830e9a18936bb642c4ff09266811 16 1655911044 1000
27 0 0 1351741758-b768242014596fe2d51b7205de46e980 50 1655911047 1000
27 0 0 1351741487-4668b9963002eef0d6c1e433b7b4e53d 104 1655911048 1000
27 0 0 1351738692-b7e98abb5d06ae424866023066175a24 9 1655911049 1000
27 0 0 1351722761-31d4029d4146112694e2841d12fea039 122 1655911052 1000
27 0 0 1351717606-50c27a448c903374bbd5771079d3d78c 7 1655911053 1000
27 0 0 1351583634-8074e0f1aa5d21771dc64c396e01cba8 14 1655911057 1000
27 0 0 1351570134-7fbf0f033740d875151b0887500440dc 25 1655911058 1000
27 0 0 1351565845-81ed9422e4ac1c4d16719144d7a9d6bd 56 1655911060 1000
27 0 0 1351800171-b012ae979c9fe029110ec931b6050d30 17 1655911074 1000
27 0 0 1351806384-7c500bc19ca9e3d6352dd32835856853 8 1655911077 1000
27 0 0 1351764815-cd17d3dec236e1cfc965ef1ab9d09113 18 1655911139 1000
27 0 0 1351659141-499a016624cd0d7645d0d5adc7701d8d 54 1655911141 1000
27 0 0 1351671684-3a821e5cb5bf6a9138060024a2bc4d3e 17 1655911159 1000
27 0 0 1351547896-825c05f6c275335766ecbae679f9f2e8 41 1655911168 1000
27 0 0 1351588783-0a59b0482a9b4236308dd05a85abc0bb 25 1655911172 1000
27 0 0 1351591278-4891177eb00007c4650963c5a3bfac25 32 1655911174 1000
27 0 0 1351764806-cd17d3dec236e1cfc965ef1ab9d09113 138 1655911202 1000
27 0 0 1351764776-cd17d3dec236e1cfc965ef1ab9d09113 318 1655911203 1000
27 0 0 1351687467-df63b070d36b821b55fe76ab4852955e 81 1655911205 1000
27 0 0 1351584342-67c2c0243e7cb83f9c9134e24cd9ff11 15 1655911235 1000
27 0 0 1351706973-eea5b52b52677ba7d868b01bbeda7bf9 77 1655911266 1000
