11 0 0 1326502200-8b5e243c365d9b0edccaba22a834a9c6 58 1655906093 1000
11 0 0 1326879780-25cb41703b1799fa11b983d621e49404 75 1655906093 1000
11 0 0 1326683700-d2b7b4fe18bbc62f37b3f610e853940e 181 1655906098 1000
11 0 0 1326650940-cc6274ca9d8b792ea5f788c79d4b3e34 138 1655906100 1000
11 0 0 1326668760-6342eb17e43cdb90bbfdf4a05e24733f 20 1655906106 1000
11 0 0 1326708180-32dfd1444e261a1137bed0303ee58262 14 1655906116 1000
11 0 0 1327940700-def6268f9fead8338d1596fd367bbf8f 29 1655906117 1000
11 0 0 1326510660-ea368e214e7e8a65bc89a7705a99b2af 73 1655906120 1000
11 0 0 1326506940-433f8576b39b614c312c77c77f739ee3 157 1655906121 1000
11 0 0 1326510660-ea368e214e7e8a65bc89a7705a99b2af 80 1655906121 1000
11 0 0 1326502560-b4eda8d2ece6f98685ef70b841bf30be 29 1655906123 1000
11 0 0 1326718200-4c6a1257eec22792e3a7376aa7f7821e 52 1655906132 1000
11 0 0 1327831380-551c65eb6e5d30c3750b21d458d20bf5 91 1655906139 1000
11 0 0 1327762560-14dbeeed7d4dbf3713d24cce12b74184 37 1655906148 1000
11 0 0 1326672420-8a50b41516aaa60e76fc45bbcf9ae317 81 1655906155 1000
11 0 0 1327545600-e8b1c7e5a6842e13ae4365c4d97b7bbd 44 1655906156 1000
11 0 0 1326830460-3193da6cd3b4aac80f4bc4eb7eb9986b 119 1655906158 1000
11 0 0 1326974160-fc232cd9e2624dc506fb4a7805531e28 249 1655906164 1000
11 0 0 1326737820-6468ffe82a6bf5b959c3eeda95d54fe2 14 1655906173 1000
11 0 0 1326670140-9e7f09fb829e51ae87d3d421910020a0 49 1655906175 1000
11 0 0 1326522000-38ca233609991cf0a6937ff4caba5d75 0 1655906181 1000
11 0 0 1326510660-ea368e214e7e8a65bc89a7705a99b2af 87 1655906186 1000
11 0 0 1326797460-4372cca6e62051e7f673b0500ed87dff 236 1655906189 1000
11 0 0 1326826200-daa2163d281afd4ef01ffc08a5e5ebe6 25 1655906191 1000
11 0 0 1326993660-cd5712e93a682a85df3b8ec1cfa1cfe2 8 1655906199 1000
11 0 0 1326635160-687cf9c2bfba42928fee4f978f248a9f 54 1655906212 1000
11 0 0 1327165740-a03fa321fddb333dd9ed827a5da96304 92 1655906224 1000
11 0 0 1327350060-b10f52d7a082a68609b84f3420a24213 22 1655906234 1000
11 0 0 1326943200-c28cf63a02c7b5021020faf8e8e7de94 194 1655906251 1000
11 0 0 1326943200-c28cf63a02c7b5021020faf8e8e7de94 189 1655906259 1000
11 0 0 1327018320-853e0615abfd65c38c90bfb8a71d2be9 148 1655906268 1000
11 0 0 1326792240-db7e2014d53b52a9b1d1fb8fb88e81eb 10 1655906274 1000
11 0 0 1327925460-eea3b20b9c7c685f3ec026f41796f704 80 1655906304 1000
11 0 0 1327428660-8f6de16a861f3f943304165f4e5233c0 32 1655906305 1000
11 0 0 1328011620-7c9f3e0b91be4435c062beee6490bfc9 13 1655906306 1000
11 0 0 1327459740-a3000d3db7d5056fe80a84bfeb8cb995 61 1655906310 1000
11 0 0 1326889680-34f2102dba81d6464ee5348461bf7458 65 1655906314 1000
11 0 0 1327204860-f0e9d237f25ae03d097e7d8869f0ae64 12 1655906333 1000
