24 0 0 1360299000-358cbcd051a12c8eee0244dad0c67cb9 28 1655910264 1000
24 0 0 1360283411-6684dc48f123e1ea2f8acf1b1b122b4a 335 1655910508 1000
24 0 0 1360479664-c852e84c3cf55d9d2d613be904e37591 122 1655910509 1000
24 0 0 1360570779-7e704c6e32b15fe3d9f5b6912e018305 104 1655910511 1000
24 0 0 1360360766-dfcbb138c4a6c9aafa0d872d30fa09c7 110 1655910511 1000
24 0 0 1360298640-358cbcd051a12c8eee0244dad0c67cb9 133 1655910513 1000
24 0 0 1360937293-2e6d600a073611dc0e4a54266dd2a752 54 1655910515 1000
24 0 0 1360425898-73d489218a3b7417f241bfa2e4ff8699 296 1655910515 1000
24 0 0 1360435537-7974123b3eb8785cde89c3079042369f 168 1655910517 1000
24 0 0 1360567635-531e17613ea243b9ac567d42f8c2f9fb 106 1655910517 1000
24 0 0 1360530605-09b118fd4f0f8d1832f287a4a551dafb 57 1655910518 1000
24 0 0 1360252351-d95533274bc07b421cee8bc73915ff5c 42 1655910518 1000
24 0 0 1360449473-0b03aa82a03a77a18c0e2383fca9e813 64 1655910519 1000
24 0 0 1360362885-32a209e13005208b9e5e90da3de1a7f3 63 1655910520 1000
24 0 0 1360316641-f83612a0351f0cd351cbdf3514cdd18e 180 1655910520 1000
