41 0 0 1358253519-2e084de7936646bb338a5be69fbf2220 0 1655973993 1000
41 0 0 1358336443-d659ebd09d51124aa63178d8d58ef671 16 1655974000 1000
41 0 0 1358316103-dbca7196b87c1f3c85bd07e78ef1501c 35 1655974024 1000
41 0 0 1358370341-f96a72d052a63cb01686ebf3577c8ff4 76 1655974049 1000
41 0 0 1358373070-e315a2ade07c8f4ee03769d857fc742c 257 1655974049 1000
41 0 0 1358888725-30d8360d03358aeb810ac5bd25eb00cd 143 1655974061 1000
41 0 0 1358581098-4946b29581ca543b886d44e374eec818 45 1655974073 1000
41 0 0 1358310103-fed44af8bc06b6469d0de3f8a7c58b59 271 1655974172 1000
41 0 0 1358282650-b46c5356b557db5c0c9ff8b3ba64f1d3 33 1655974204 1000
41 0 0 1358287854-94671d44b926ef1d559aa6d753cc1a30 47 1655974208 1000
41 0 0 1358401978-c888527d149e7ad651d50b075c39c968 19 1655974224 1000
41 0 0 1358287477-a9b8df67945a9c25998de88882058941 15 1655974233 1000
41 0 0 1358278380-09b406250c4b2fa5e74a06de9187f836 7 1655974234 1000
