14 0 0 1366191268-b8f2b354369b9b2fe47dba1a3414dc47 317 1655908093 1000
14 0 0 1366102328-29a84f5f8d4109f3e20549d15615e3fa 2 1655908097 1000
14 0 0 1366068558-c797e2daf3ae29d64a0308df1d7e2010 19 1655908103 1000
14 0 0 1366060030-a1831087adf5f808a1c7a6b5f30bad08 126 1655908104 1000
14 0 0 1366101851-f3f0a20484fa11673cb1ff8855f21ada 92 1655908116 1000
14 0 0 1366224597-a3fd13efcb9c1b6fedb9a227bc61eb3a 162 1655908121 1000
14 0 0 1366210789-a1266a358d4e28ba8d538522825db4f3 118 1655908125 1000
14 0 0 1366208966-a1266a358d4e28ba8d538522825db4f3 142 1655908126 1000
14 0 0 1366166603-c765ddc966786dddde658341738c4ae4 72 1655908130 1000
14 0 0 1366223430-bbf93bb1260ba2a46ac4226a12a5c115 165 1655908131 1000
14 0 0 1366167096-5bc131b5141c8c255665cc02eb2003c2 175 1655908134 1000
14 0 0 1366134135-ea3f1b94d1eb641ff07010d44ea6aa4f 118 1655908145 1000
14 0 0 1366225183-b4c23f5fda0d1fcfbeff852e68698b9d 130 1655908146 1000
14 0 0 1366353031-c6cebaf7bd09862cd9df0311b8e9b26e 19 1655908150 1000
14 0 0 1366387638-5b10900845562372abbd51449d6c5ec9 37 1655908161 1000
14 0 0 1366389697-225d722745b6aa679061319f8bd63ac8 63 1655908162 1000
14 0 0 1366395690-378bd431582e97fbb06a93ce361972a0 139 1655908163 1000
14 0 0 1366398426-a37d37c27f698fe583e0caf10f45284a 176 1655908168 1000
14 0 0 1366379554-85d4c907002d12ef69859119e94da5de 50 1655908172 1000
14 0 0 1366442834-3a13687fe1717f19f6b1078b1755caf2 198 1655908174 1000
14 0 0 1366411558-d1598c71b1fe5aa5b3a652f3ab831fd8 71 1655908176 1000
14 0 0 1366421436-74e476008c4c48a2c6eb47feff2f6db8 1 1655908189 1000
14 0 0 1366430987-6e6f6d34d40653537e940e95f07f2074 148 1655908191 1000
