22 0 0 1360503654-e4b956c9af8fae3c6e0fbb5c63f519ba 67 1655910019 1000
22 0 0 1361116122-55c2f60ea3655461177d35f332df57aa 76 1655910019 1000
22 0 0 1361125428-537ee7bc5af2668a7bc3cb2635e27c0f 59 1655910020 1000
22 0 0 1361271592-310963c58f7c9fd18fc810416b94cb83 64 1655910022 1000
22 0 0 1361281173-c52d68cd86c0d80673bd8a3619fe6e8d 44 1655910023 1000
22 0 0 1361349461-b7739707adc232676ebc5643929e6e8b 61 1655910030 1000
22 0 0 1361124325-22d71be96335246a9ada5cc18fa4d044 28 1655910031 1000
22 0 0 1361368884-22909cfd6ca8bdbbe2ff19bd466284f7 48 1655910031 1000
22 0 0 1361350902-b7739707adc232676ebc5643929e6e8b 74 1655910034 1000
22 0 0 1361372969-bb4865ec2011f459808344f03014069c 27 1655910041 1000
22 0 0 1361367545-d236e45e30ecc5c66400352f236f374c 176 1655910045 1000
22 0 0 1361348461-844a32c278d82cd646a04632964f61d6 81 1655910047 1000
22 0 0 1361349461-b7739707adc232676ebc5643929e6e8b 59 1655910047 1000
22 0 0 1361358430-0264ed8c1203817a21f92d9ca7df6fb0 6 1655910049 1000
22 0 0 1361359472-160ea927226d299b0d3193ffd33e7c87 46 1655910049 1000
22 0 0 1361350273-be0520090595f8dd3cec762c9be6918d 89 1655910050 1000
22 0 0 1361360330-3df2f7bc9451fb48b8e5a03fdec310d7 214 1655910050 1000
22 0 0 1361373273-fc3a05d77434a74ce747d6f900b42e96 84 1655910052 1000
22 0 0 1361393124-a8b6056b34d98c45070a0b140dd523aa 90 1655910055 1000
22 0 0 1361200210-080799f3eba90646e928137d8569df3c 31 1655910056 1000
22 0 0 1361180349-d6c79d97073634bbb910f6fd5136b3ee 33 1655910057 1000
22 0 0 1361281173-c52d68cd86c0d80673bd8a3619fe6e8d 38 1655910062 1000
22 0 0 1361125428-537ee7bc5af2668a7bc3cb2635e27c0f 85 1655910064 1000
22 0 0 1361346819-e6a39b4a18a80a1321b68ee074d7d516 37 1655910066 1000
22 0 0 1361363943-1f5099c375203fded841a78bedc3ff0f 206 1655910067 1000
22 0 0 1361116122-55c2f60ea3655461177d35f332df57aa 77 1655910071 1000
22 0 0 1361354008-e7e64172f47d4de1399ad3a07c0695ad 39 1655910073 1000
22 0 0 1361360317-17d176734c2d5d37de013054523a2d82 69 1655910075 1000
22 0 0 1361178530-edd21a661933eaf6262a87306fc2ad86 66 1655910078 1000
22 0 0 1360567482-86e8d38f2f4e779f0188827fe7a64085 44 1655910080 1000
22 0 0 1361116122-55c2f60ea3655461177d35f332df57aa 92 1655910083 1000
22 0 0 1361356640-5a0b29c6040009bc62df177ce32390e1 43 1655910088 1000
22 0 0 1361303115-b5df9432fae716e2a0b71a9265b327d4 65 1655910093 1000
22 0 0 1361372969-bb4865ec2011f459808344f03014069c 34 1655910100 1000
22 0 0 1361359472-160ea927226d299b0d3193ffd33e7c87 40 1655910103 1000
22 0 0 1361390209-8b1892d52906f0f845f3cc610516745b 64 1655910117 1000
22 0 0 1360922188-6339777dce8d659737395950d8d4a08e 62 1655910121 1000
22 0 0 1361369356-18ffcccdc0bdb68d9b97ef80bb83a164 0 1655910122 1000
