26 0 0 1358439904-472d538a1d9f5047b21c215bca3e2c5b 96 1655910802 1000
26 0 0 1358411459-f481b0336e8cbfc1171f6db76549b94a 139 1655910804 1000
26 0 0 1358411850-a7a7c53fa9d94c0f1e1b38bd96417e01 75 1655910805 1000
26 0 0 1358418520-4991bde71d71836d67c3d32b30114e7e 26 1655910807 1000
26 0 0 1358399331-cdbbca1994e3198558648148ce800ab6 168 1655910809 1000
26 0 0 1358431946-f9db65423d69b2706c5ccd770c8ede7b 35 1655910809 1000
26 0 0 1358433071-40c47e4174859e2698154901137dc47c 20 1655910811 1000
26 0 0 1358433071-40c47e4174859e2698154901137dc47c 22 1655910812 1000
26 0 0 1358941921-c8b15d5a8e12ff552bf2a54c591bd108 91 1655910839 1000
26 0 0 1358364012-0c35ca4495fa338262410578224d3f14 69 1655910844 1000
26 0 0 1358547496-9a553689fdbbc07cf7b0390986047464 174 1655910860 1000
26 0 0 1358372637-ccdb33c17f79330f3adc3ef1527007ad 47 1655910862 1000
26 0 0 1358337114-095bbda6ffe6b4270bdaf899997dd392 7 1655910871 1000
26 0 0 1358353929-f26da2b0cdbe96d5a9cc7292fa3658f7 38 1655910893 1000
26 0 0 1358326638-144d2bf7b69104b068c30cd42b9d7907 42 1655910926 1000
26 0 0 1358353733-32ea40e6e6d584ba2c3ce52df6e1c86a 38 1655910941 1000
26 0 0 1358332082-c54d5d1269cbe5fae06edceb9c9181f6 42 1655910944 1000
26 0 0 1358353750-4db846f781a3dfd20b5759c3eacb15e4 117 1655910950 1000
26 0 0 1358402231-788db784f1ed59dc62a7913a7762698a 18 1655910955 1000
26 0 0 1358413177-42f0530c29dad8aff80d6883e6729952 173 1655910967 1000
26 0 0 1358391393-d554276caa0d46857a24b9218fbbfba5 149 1655910969 1000
26 0 0 1358967298-6bbd843824d16acc441faf32af5a97b7 62 1655910977 1000
26 0 0 1358353929-f26da2b0cdbe96d5a9cc7292fa3658f7 0 1655910987 1000
26 0 0 1358972561-4f7c25d8729b0e7030b8c527bc73834f 94 1655910998 1000
26 0 0 1358400662-532f1eff9d9d57a2e82cb6d99164b1bd 120 1655911007 1000
26 0 0 1358412791-6a742098ac5275ce842ec28a922cb344 419 1655911012 1000
