8 0 0 1354307376-40b6eae701b8b9fae3287c0a73e93c9f 5 1655905597 1000
8 0 0 1354307376-40b6eae701b8b9fae3287c0a73e93c9f 12 1655905600 1000
8 0 0 1354691634-60c01ac3821e7e43d98d19e98c7d3547 68 1655905602 1000
8 0 0 1354640881-28753122d1c3d63cea616d7799816181 15 1655905603 1000
8 0 0 1354663840-8439b4e39d33473d7ec3c829efbf43ba 21 1655905610 1000
8 0 0 1354424235-8d7c28eb358f7597bf6c46f70270eda6 8 1655905612 1000
8 0 0 1354530186-2329b0d66d9a6e0daddfa87825165c2e 20 1655905613 1000
8 0 0 1354732597-a16b50106dafd913114dde550f0598be 1 1655905625 1000
8 0 0 1354580396-99f475106b2b60679e96a4e20b8c087a 12 1655905644 1000
8 0 0 1354629514-56d7a8c97476217994708405d1c92577 2 1655905650 1000
8 0 0 1355076841-aba8c88a96f45f0f3d6a16529c3643f1 1 1655905653 1000
8 0 0 1355076841-aba8c88a96f45f0f3d6a16529c3643f1 6 1655905654 1000
8 0 0 1354701178-7460ef6b69db0c8997a45c3b02343b09 2 1655905658 1000
8 0 0 1354679453-b2c9e2ad4b4354a5bbde4756335096a2 6 1655905661 1000
8 0 0 1354610516-d4e949667534facf00a0bcb6bd054e63 0 1655905664 1000
8 0 0 1355121569-b3bbdf88be4e906962f74720d6eb8ff1 5 1655905665 1000
8 0 0 1355022412-fab7fa097b451b5fb5802b28f83cb899 11 1655905676 1000
8 0 0 1355130308-c4a7ceef9be189cc3014eb874487be03 115 1655905678 1000
8 0 0 1354689229-537aced9557a4df15fb3737a15e5cf44 167 1655905680 1000
8 0 0 1355038271-4b410f2ef2793925e4472e9d3d98d352 24 1655905681 1000
8 0 0 1355025957-22ed6799f7b89147d4711dd3b4626099 1 1655905687 1000
8 0 0 1355023690-c0587ec60fed055dda6ddf66d851e2fb 23 1655905691 1000
8 0 0 1354991221-3262eb6be045a9024089024a2316040a 0 1655905692 1000
8 0 0 1355131214-7f78f73c6a1126810e4a6ea819b93c15 11 1655905698 1000
