34 0 0 1361023384-85004502202cc98d30fe122923403275 87 1655972248 1000
34 0 0 1361124287-08f4fc436f6522c6de47c5b011e1c955 474 1655972250 1000
34 0 0 1361124287-08f4fc436f6522c6de47c5b011e1c955 480 1655972251 1000
34 0 0 1361124287-08f4fc436f6522c6de47c5b011e1c955 517 1655972252 1000
34 0 0 1361125627-7b205ada5c420be7b91640a8c024a27d 142 1655972255 1000
34 0 0 1361135818-9bb51b7cb46fa3a7d1cb3845ccb998d9 48 1655972257 1000
34 0 0 1361163477-2f48d499ef6fbf5c23e6774d65fc9434 146 1655972263 1000
34 0 0 1361124287-08f4fc436f6522c6de47c5b011e1c955 328 1655972264 1000
34 0 0 1361113555-cee8924cf2559d9ae59a27e078804a82 0 1655972267 1000
34 0 0 1361258086-d495bccb21afd0e0eeb6c827282b2bfb 28 1655972288 1000
34 0 0 1361284701-57bac3288ed69682781fc33e0a56a49d 79 1655972291 1000
34 0 0 1361297036-e9887f8fc4a0dfb3b63f2b1db0a92fae 5 1655972295 1000
34 0 0 1361181982-35be9b539e07012efc60367d6dfbfaf7 9 1655972303 1000
34 0 0 1361191474-106b1cf361cc14dcfd42a342d52106ca 52 1655972306 1000
34 0 0 1361037032-98ed7f3466070634ac2d43748c629e44 72 1655972328 1000
34 0 0 1361038593-d544f0e6dcaaa18d6a98545578000fb3 48 1655972330 1000
34 0 0 1361035064-b4c2245ef251b33046681f31bdee410a 16 1655972348 1000
34 0 0 1361073184-260bdca7bf3fc9b1606546f88fc7efb0 10 1655972352 1000
34 0 0 1361041856-952fc2ea912f1d920e6eaeeddf9d230e 128 1655972367 1000
34 0 0 1361060806-71365eaf10d21c8c47720aee051df6ee 75 1655972379 1000
34 0 0 1361060853-14301c471839258e32fc313bab834a2b 19 1655972380 1000
34 0 0 1361126553-cba047066b6cff4e8185235ce24aa7ef 853 1655972393 1000
34 0 0 1361260174-b18aa1a2810e15935fb9bcd75cd1b2ff 45 1655972408 1000
34 0 0 1361102315-f01ea8ae70dfa3e9054313518c16090a 68 1655972432 1000
34 0 0 1361101810-890ac85b72da664c33007d55c83e1990 0 1655972436 1000
34 0 0 1361080295-797787cff7526a12a90cbe9fd1d6df24 68 1655972440 1000
34 0 0 1361076348-6dff6e6fc27414c70f823f41bb020410 72 1655972449 1000
34 0 0 1361030773-64763c15dd59ddf3494d3fab0e82df1e 41 1655972451 1000
34 0 0 1361117050-b3a3679fc27f5a29836497cf90c6f78a 641 1655972453 1000
34 0 0 1361302479-c1938d643adb2fcd0ee84ec2967577fe 12 1655972454 1000
34 0 0 1361034814-a0c4b13a4d4b0a3d92395fe052b68d91 67 1655972456 1000
34 0 0 1361143215-04dd98a0cd78dce675514b9a15a6529a 51 1655972462 1000
34 0 0 1361163477-2f48d499ef6fbf5c23e6774d65fc9434 0 1655972470 1000
34 0 0 1361256953-44f5bf6fc8617e6ee676958d9a72d861 0 1655972482 1000
34 0 0 1361288824-e3658b6f3b8024ad155b32d500084b5e 61 1655972483 1000
