28 0 0 1367000961-5edda09d99f59b7afe2f1360f83f86d9 151 1655911311 1000
28 0 0 1366885209-60ac18eb643e973266f997c848690785 27 1655911313 1000
28 0 0 1366891080-055fff541db64a2f30c610c0090dcf77 76 1655911313 1000
28 0 0 1366789829-9ad4a55ff951b0a2eb9db19aa36c8351 54 1655911335 1000
28 0 0 1366835746-a092c907e7a7b913480bafc5ef0d6ec8 24 1655911345 1000
28 0 0 1366898900-a026a96942b9db3a88d2a17400651281 43 1655911355 1000
28 0 0 1367236852-533d4646da17f1d0590d871e3fd50dd8 190 1655911371 1000
28 0 0 1366825308-8cc5d7f0dab93e8a3e1f1ef6668f020c 29 1655911394 1000
28 0 0 1367103220-cc1dfa7fae20ab884669350967678cd9 65 1655911401 1000
28 0 0 1367030397-8431ddd7003dcd6f105b4b6fd8d188a0 60 1655911406 1000
28 0 0 1366995508-3f0a775a278be8e59a21c340062b473a 0 1655911411 1000
28 0 0 1367338609-ab0da2f4eff004152857f52bae2545d6 42 1655911418 1000
28 0 0 1367309772-f883382e860af18e10f0b2fa506d5f7c 206 1655911426 1000
28 0 0 1366800062-d1ce1ae9288f42b8b9c119fff805b083 6 1655911450 1000
28 0 0 1366812037-fb10198e4ac058aaa629d010154f200f 56 1655911466 1000
28 0 0 1366779930-9b066dc384b3451706ebdf9b482a8316 46 1655911487 1000
28 0 0 1366792924-cf816e2d7ae1c99f01aed26a27a2afea 43 1655911496 1000
28 0 0 1366837961-7be97bd70892b2e2dfa54f32d7670fd3 137 1655911504 1000
28 0 0 1366964507-946646f8bfa2335f6e9c9ebed6823057 1136 1655911509 1000
28 0 0 1366981116-3050a2cfb81443f2cb3868edba9f2c4b 156 1655911522 1000
28 0 0 1366981116-3050a2cfb81443f2cb3868edba9f2c4b 147 1655911524 1000
28 0 0 1366981072-3050a2cfb81443f2cb3868edba9f2c4b 938 1655911525 1000
28 0 0 1366876811-92b7c69b9053c35d070c2bf0493525d2 17 1655911534 1000
28 0 0 1366898900-a026a96942b9db3a88d2a17400651281 78 1655911563 1000
28 0 0 1366982821-db811871bf8bc0e319d375883fffe867 4 1655911568 1000
28 0 0 1366927474-28d4f1d1a07ef6b87162b97404dab37e 88 1655911569 1000
28 0 0 1366860998-825422b7137d2124a00dbdf3a511b0bd 25 1655911579 1000
28 0 0 1366874520-8048e107ee8222fc811006a6fe6f22bd 90 1655911607 1000
28 0 0 1366783393-432008e88a64ad200b5396942f464986 90 1655911614 1000
28 0 0 1367068906-f3523b5c65b1904687f16f73d7e0189d 62 1655911621 1000
28 0 0 1367309772-f883382e860af18e10f0b2fa506d5f7c 350 1655911634 1000
28 0 0 1366805122-bad38729afe5d4e1f5d98c30e9e3c410 73 1655911653 1000
28 0 0 1367038880-9ad4696295730736f7306643453419e8 88 1655911662 1000
28 0 0 1366912342-a1ce55df27c96d6e6a3e0a50018df0e1 111 1655911668 1000
28 0 0 1366872987-9f05c5251c21f4e5d1a9bdfd9c276fa3 34 1655911671 1000
28 0 0 1366995509-70db153447fe71c3a60056c465e324cc 12 1655911684 1000
28 0 0 1367200684-f04ee272975af7aa47475b32bd282a9f 271 1655911687 1000
28 0 0 1367165355-9c07b1c950f6ba9816bd9da6a0acbcfd 82 1655911688 1000
28 0 0 1367062673-4f3003fee04b439ae3a1af83750639f7 128 1655911689 1000
28 0 0 1367053000-ca4bfcc998c07994b6cc14a831261c04 14 1655911690 1000
28 0 0 1366805694-ca13100ec087b7319b9c69e5e47a74b3 123 1655911693 1000
28 0 0 1366846404-57135a8ae9aeff017ebacd260bb1437b 48 1655911694 1000
28 0 0 1366855036-d7f89eda95bb62e2f4d432e218533901 23 1655911694 1000
28 0 0 1366961679-758a53b395edd3e95e8b5d5d69f473d2 16 1655911697 1000
28 0 0 1367113564-723f65c77ba015866dc7ede3a13c4346 0 1655911707 1000
28 0 0 1366891080-055fff541db64a2f30c610c0090dcf77 63 1655911719 1000
28 0 0 1366837075-814d4cda86ed12ec7e97b57c0a7aaf50 50 1655911725 1000
28 0 0 1367089981-390c687ded61759e152d8533da2371a3 29 1655911728 1000
