20 0 0 1354155197-ab65edccf61f22d58fea9b89067b8c0a 167 1655909459 1000
20 0 0 1354130121-0ccc34604e96bdf01cfd4aeb0ee0f190 36 1655909460 1000
20 0 0 1354130085-d192dbdb5484de70506324bc8fc12f91 296 1655909460 1000
20 0 0 1354122229-282966f89aed1e68c81dcd374c6cafe2 97 1655909461 1000
20 0 0 1354054425-3ddf3fd717f62258d423978de129b0c1 67 1655909466 1000
20 0 0 1354042727-82e28f9e516bae1a1b39cb90e733ff1d 32 1655909468 1000
20 0 0 1354042727-82e28f9e516bae1a1b39cb90e733ff1d 17 1655909469 1000
20 0 0 1353850532-035ede730690db4b1fb095a864897963 58 1655909478 1000
20 0 0 1354289790-39dfde97b5d1bedac64a7aceb5acfcd6 106 1655909485 1000
20 0 0 1354250394-d7e195c507b82200b6759c12ae1db3b4 75 1655909487 1000
20 0 0 1354191995-5718a16c543104931ecc17b74af26d37 15 1655909489 1000
20 0 0 1354190486-8834d064b73a9410f4792432f929cb50 106 1655909490 1000
20 0 0 1354155243-ab65edccf61f22d58fea9b89067b8c0a 169 1655909493 1000
20 0 0 1353956105-e32177b60a484abe4ef632ad14444e45 40 1655909495 1000
20 0 0 1353948837-6248d49d6ccc23ff782a7de0975dc553 100 1655909496 1000
20 0 0 1353689239-6e4e630da45ea5acf0413ec3267869f1 153 1655909502 1000
20 0 0 1353247080-4df2b8fe53bba45c76cabf99e34aa309 92 1655909503 1000
20 0 0 1353834202-22b54bf918900d6d10897314c88aee8c 76 1655909507 1000
20 0 0 1353656571-eaccbce4142f09f66dc51c7a573fec18 276 1655909510 1000
20 0 0 1353754425-cfbb36d582febfee6f48be25b49d6644 93 1655909514 1000
20 0 0 1353878464-a6003a8f0671602dc30a4efd96035f6d 61 1655909519 1000
20 0 0 1353878464-3c6e2da9e13f8bb5915c0930c32200d3 36 1655909519 1000
20 0 0 1353843326-900bbfbe811caa6e3feca0873c27974d 40 1655909524 1000
20 0 0 1353772994-dc251e752ef853893f2cf887729d8876 36 1655909529 1000
20 0 0 1353763742-4461a2e2bd898a5bcfe6b780085344a2 131 1655909531 1000
20 0 0 1353851806-f3f66ad0a7bb099074eff496ea87a3ba 0 1655909532 1000
20 0 0 1353707767-237548c002d7d91072ff6a155bec2568 0 1655909535 1000
20 0 0 1353817816-10b2304c4991fbcced71f13357fe0f60 19 1655909539 1000
20 0 0 1354046236-51ba9c1750497cccb30dcf3acf2de6d7 18 1655909548 1000
20 0 0 1354201322-c2c649039fff261fcda6468471aa50d8 0 1655909550 1000
20 0 0 1354018393-1ea1bfdb1562783d13421730f71c4559 19 1655909557 1000
20 0 0 1353898043-9c4f2280e526de77b88da1b848cbf9f8 25 1655909558 1000
20 0 0 1354304240-727935a5db9eee5d13e4bf27960c2634 56 1655909565 1000
20 0 0 1354005341-4f7354d836938ad7cf7bf4da76163824 16 1655909568 1000
20 0 0 1354024228-72e8bce4d9123fb315c0d461f4022d4a 21 1655909568 1000
20 0 0 1354064316-c05012f82dece93cf7d5f22f44a0a78f 71 1655909569 1000
20 0 0 1354093483-5c995d74c46d347bf131ca8e44612c14 49 1655909581 1000
20 0 0 1353777459-6afc0da67bc447baa2996582a6e403e7 274 1655909589 1000
20 0 0 1353964081-62c0810d256ee3a9bb3e597164c4cd54 12 1655909590 1000
