4 0 0 1344761861-2796157bbad0b1050e52d34de204a811 11 1655904561 1000
4 0 0 1344186709-0e5aa19e1c28c2b59d7ef4410d65654f 8 1655904562 1000
4 0 0 1344186709-0e5aa19e1c28c2b59d7ef4410d65654f 30 1655904563 1000
4 0 0 1344187586-2ad56df8e8d2ea6d383eb1b7561e25be 0 1655904565 1000
4 0 0 1344187253-7c66f20dfb15d4bdac2f695e77507e3c 5 1655904566 1000
4 0 0 1344183920-2f6a3d7f531c11a8aacb9b52620e2470 0 1655904569 1000
4 0 0 1344185645-aeeac2e54ad1e256c5e53d1dc79bb402 0 1655904570 1000
4 0 0 1344185967-d5bf83c6f75e2cc412388025713e6a19 4 1655904570 1000
4 0 0 1344195559-bfea13ddc606418e56ea4eba2a1af303 2 1655904582 1000
4 0 0 1344211973-6fcd74d97fea0d9c6245d3f732c1c8dc 0 1655904586 1000
4 0 0 1344711014-abe4ac2c8f5a6ce40e1f2e54a30f016e 2 1655904598 1000
4 0 0 1344191311-993dd0f4854aa21cb18040c6ac02d09a 1 1655904609 1000
4 0 0 1344409054-95115dfb78283c396925472f22370292 22 1655904630 1000
4 0 0 1344232522-ff3cce4b1608201e49ef3c935485784a 1 1655904646 1000
4 0 0 1344235789-e7bc19fdbd10db1d4c0270f87c4fc5d5 2 1655904659 1000
4 0 0 1344228404-19bed1429c4193493fbaa33b1549ca4b 46 1655904675 1000
4 0 0 1344213557-2e068108ac4f75453fa3a04f775bcbff 2 1655904683 1000
4 0 0 1344198357-1f8dafd3389dfc93e4c5a6285ef2f6c8 13 1655904725 1000
4 0 0 1344228925-434310ba245455abb67c97feb663fc74 1 1655904726 1000
4 0 0 1344234816-b871f86da19d50134f93216a70b1b82d 3 1655904737 1000
4 0 0 1344227459-75a24a698ac02e477852c4c421d9aa5d 1 1655904739 1000
4 0 0 1344230778-fc66afb6f677eb88ee6fac29841e9a78 19 1655904745 1000
4 0 0 1344296763-de2cee85accf9e0e0b4197429478054f 19 1655904753 1000
4 0 0 1344257300-625dbd8f3dd376dde963fcd63bf79837 29 1655904767 1000
4 0 0 1344195054-4c7fc912c9f3b3b719109037bd8b7d38 554 1655904771 1000
4 0 0 1344385857-792df495bcce253cdb541c3cfc17413d 2 1655904776 1000
4 0 0 1344260257-e297df05f52ba3230f60bf29165b4099 0 1655904779 1000
4 0 0 1344308562-0edba84d712202af8d7df4808dd8fbd2 4 1655904788 1000
4 0 0 1344277173-de2cee85accf9e0e0b4197429478054f 6 1655904793 1000
4 0 0 1344229922-f6b2e881de5facca75e95f70cf9350db 3 1655904797 1000
4 0 0 1344370182-025a90769667d75868f5095d7f672fb0 26 1655904798 1000
4 0 0 1344637317-7822aa6b08b2a196060137cca3341601 0 1655904805 1000
