32 0 0 1347403871-cd44437a4f55dc3a83014e6b55a7d80e 63 1655912670 1000
32 0 0 1347655005-583ff8938bb01362cc7301940e021dd5 1 1655912674 1000
32 0 0 1347488664-90058328d078023c09a5402f0c31cded 1641 1655912690 1000
32 0 0 1347950285-37fc4a90ba01f27de6a3562af9a588e4 531 1655912704 1000
32 0 0 1347950285-37fc4a90ba01f27de6a3562af9a588e4 220 1655912705 1000
32 0 0 1347573130-4e10444a55e4bcf490da7cdb363cac6e 7 1655912709 1000
32 0 0 1347449782-5ca48de38cc0ecc2dfaf2fe8317f5e48 74 1655912716 1000
32 0 0 1347449198-9e82e506a1517ecc6a10ebc9165d5cfd 11 1655912718 1000
32 0 0 1347555458-cf7866260589606b2cbd773bb7ef57e1 52 1655912732 1000
32 0 0 1347493679-438598c37683d1fc57c51bcc1ec94580 102 1655912744 1000
32 0 0 1347489988-840609c7f9017d5eee1f9b3b8645a7dc 57 1655912752 1000
32 0 0 1348088865-06f1727b225dd96e0ba1cb327c0539f3 62 1655912761 1000
32 0 0 1347987059-ee03fcba1a39a767eae93cb505f0b3c0 293 1655912761 1000
32 0 0 1347446164-0e3477a11015a21a65b5b5799804af2c 105 1655912780 1000
32 0 0 1348785528-efbb52ddce88c3406ddc5ee5e411e57d 33 1655912785 1000
32 0 0 1348458786-348a042dd1c9072a00410261605fcc61 38 1655912789 1000
32 0 0 1347675649-edd5d4e2a25d4a4fd60e92bbe8130c9e 44 1655912836 1000
32 0 0 1347423833-8219856fe96211db40fb4b81cf88597d 109 1655912850 1000
32 0 0 1347497902-7f7d41b5366e6670b659895630e4c7e4 71 1655912864 1000
32 0 0 1347458046-d977ade53855e74cadf219ea1d9cb013 80 1655912874 1000
32 0 0 1347439024-3b515b1a452cd123fd0e8179f267051e 20 1655912897 1000
32 0 0 1347744678-efc857ea0871be37dcb308f80277bdfc 31 1655912915 1000
32 0 0 1347564002-e2379b36e4badc67280565514dd0a2b3 899 1655912955 1000
32 0 0 1347569938-0b0234c9b4377b4081807930e5c3f8b3 3217 1655912958 1000
32 0 0 1347496032-e8f89962af236182ee62f4d80e632be6 114 1655913007 1000
32 0 0 1347447906-1c4079586b98d854ff56b9961c240f9d 107 1655913019 1000
32 0 0 1347654398-d88c8ef307f7bd6cc36eb408155b3fbb 1059 1655913041 1000
32 0 0 1347493679-438598c37683d1fc57c51bcc1ec94580 58 1655913042 1000
32 0 0 1347423873-2524c3894985f4b82d1c883510ffff60 54 1655913046 1000
32 0 0 1348106729-f3427fdf27f6f92649a9e29daafcb27f 260 1655913053 1000
32 0 0 1347592077-3b26aff0c6c44a1dfc65083864ff7737 37 1655913058 1000
32 0 0 1348174880-c4896f4b954c3d11ea76172b2498db02 17 1655913059 1000
32 0 0 1347729232-16d45b183a43e8ddaeb78c1026faec33 48 1655913060 1000
32 0 0 1347898153-c3b3bf6b3040c4ab9f39dfafe8b7526c 0 1655913063 1000
32 0 0 1347733120-0583b68730559e67df8c0d6575540c38 6 1655913066 1000
32 0 0 1347653840-4deb714b68c36ffac94eca49cae93b64 104 1655913073 1000
32 0 0 1347618325-352cb2dcccf71372ce991852e9e29831 32 1655913124 1000
32 0 0 1348835842-a4428e84c00e998ae856c482d4145703 1632 1655913140 1000
32 0 0 1347512464-7fd3631233491e9ef5f6f0e76738d963 0 1655913141 1000
32 0 0 1347504658-d6d0d08e39b9b93fe5416687c3093ffd 56 1655913144 1000
32 0 0 1347754512-940d988cdb3bbf722b7487c91284ad8a 98 1655913152 1000
32 0 0 1347755366-707cea96858b3512d377d72b6f144b2e 1 1655913154 1000
32 0 0 1347745802-61e4e196a608c84a1e6bc9c210b0bf91 69 1655913170 1000
32 0 0 1347486899-389017f3a1deb1a80faf35361d713722 21 1655913173 1000
32 0 0 1347915383-b6af5e43f3299b60f03c4f41903ca232 73 1655913184 1000
32 0 0 1347829919-c8b7a8c7c2c131e618c2d518e5e437e2 31 1655913186 1000
32 0 0 1348454042-f945fb8b500b19819982386db2c82b1c 75 1655913190 1000
