29 0 0 1361455447-4359a302b75669a41155b02620226f3f 25 1655911764 1000
29 0 0 1361531738-6a0a55e35f93804c5cef35ed4b229d8f 62 1655911770 1000
29 0 0 1361538103-26f35234429488372dfa3f4ad2ed91ef 62 1655911771 1000
29 0 0 1361526680-f07038fbbd1de12c3a5fb386555e0570 43 1655911786 1000
29 0 0 1361622601-d655f891c2a72b794349e7d368cef166 41 1655911809 1000
29 0 0 1361672151-527f3c54d95737be306273171d11411d 175 1655911812 1000
29 0 0 1361630893-aea4fb354a0de2dbabd94a6e98e35584 28 1655911814 1000
29 0 0 1361461135-34beef01a4be52b9599bd041a73fc7d3 9 1655911824 1000
29 0 0 1361461739-d0596286a9c7ffd5a0743c5ec8a03275 25 1655911825 1000
29 0 0 1361461877-60486448e61ff506dff7f2a1f614ccc9 77 1655911826 1000
29 0 0 1361503112-a7aa4cb5fac5f9e8411314a56b66f321 55 1655911849 1000
29 0 0 1361504923-ea2f0d262c79d21bbec342a436e63b49 21 1655911849 1000
29 0 0 1361467125-97e1459b4e7b3ef0f3e5090b663ff09b 120 1655911855 1000
29 0 0 1361477580-6bfe475b9724a0285f782b5aa3ebd5ad 21 1655911862 1000
29 0 0 1361464007-e8c26a3913cacdba9eee43b8c3a5a50b 0 1655911870 1000
29 0 0 1361456379-137442f08125ec446db2173dd3c96156 11 1655911885 1000
29 0 0 1361473673-0304f2d19cff5fb7fae8484c58e51848 70 1655911902 1000
29 0 0 1361479198-9665c72c99b15f7b802b22d58572de93 301 1655911906 1000
29 0 0 1361458358-19bfb2d12b0a0c4f0a0b3899f30325e0 62 1655911929 1000
29 0 0 1361483155-d9acc3ad39cd4cf3a0129ea34d5222eb 14 1655911930 1000
29 0 0 1361476769-97bf8d86f39e07897ec6747144d9568c 137 1655911936 1000
29 0 0 1361467412-0f9ea4c15797009a53aa7e2ec97577fb 21 1655911937 1000
29 0 0 1361459958-ae246cd1944f3d742cb277dff9198c6d 39 1655911945 1000
29 0 0 1361516605-c4e458b8dadc5db43ee4fd73d5f344de 34 1655911952 1000
29 0 0 1361510378-fea489deb8b5a5a4af96c034c8bbcb32 15 1655911966 1000
29 0 0 1361459189-99e0405907df422951606a05461715ae 67 1655911971 1000
29 0 0 1361531738-6a0a55e35f93804c5cef35ed4b229d8f 152 1655911974 1000
29 0 0 1361629413-05ce1cb822513639532974b602a6a5d9 73 1655911977 1000
29 0 0 1361604905-8bc36f9e8611707266c6b6c79ac2b7b1 65 1655911979 1000
29 0 0 1362144753-de797eff1cbaacc0a7d0e2d31e9dc116 193 1655911980 1000
