30 0 0 1330847640-232cef2c3298c611d377615271582544 17 1655912016 1000
30 0 0 1331023680-e6691ba6ce3706b81b65cac7e705a41b 35 1655912018 1000
30 0 0 1331051760-b9a9d000d490e3d48a8f1d70e1276b67 36 1655912022 1000
30 0 0 1331057160-de17195de474ba671526d5eabed9fcc1 205 1655912024 1000
30 0 0 1330852900-685528afe1148ff6aa0582be8bef9c3d 46 1655912035 1000
30 0 0 1330924500-8e2cb4fbd80b0e25de83220c48782658 84 1655912041 1000
30 0 0 1330972680-065318a8968dd76afdb6019a44e92373 19 1655912044 1000
30 0 0 1331655540-c0aca4320a9f6d5573f731ea053c83d4 11 1655912046 1000
30 0 0 1330902000-9f7428cd8952041f8b56a072a9d694f3 41 1655912048 1000
30 0 0 1330897020-e40d375f5a6c0fae312fd97ece1f5734 25 1655912049 1000
30 0 0 1330864560-14e1cc48d907c08995cd4f1c056d895d 8 1655912055 1000
30 0 0 1330851900-e6367a18bce15f2dca95186430ff2969 16 1655912056 1000
30 0 0 1331652840-e9a2e5ed8042f9e7c9ea626d9d99077f 15 1655912057 1000
30 0 0 1330858560-0967293be22fdbfaf6f0f8472076a864 4 1655912058 1000
30 0 0 1331007780-367ad42cd9b979e25ecc650d3ced331a 44 1655912065 1000
30 0 0 1331215200-8be4873c73a8b7cbe82cbf749737d49f 16 1655912068 1000
30 0 0 1331027305-8e1d62954d321ea3d1d8f57d3bde608a 18 1655912074 1000
30 0 0 1331024760-5dc3be520e6eeed0c8515c77b3b9ecb3 79 1655912076 1000
30 0 0 1331015622-6d29ba4899ab539dd74d2c5839824119 13 1655912084 1000
30 0 0 1331048460-aca60597c49e0953402c6171bfd5c786 31 1655912090 1000
30 0 0 1330962720-b1c371a6dc47dc7361792bf7775097a5 156 1655912103 1000
30 0 0 1330999740-497914a9f0fe8b63f02fa8768230f00b 40 1655912112 1000
30 0 0 1330975020-9e45f8864639de5376db9517107c3f26 44 1655912113 1000
30 0 0 1331340715-67975977cc58b1d2c711ecca96cfd1fc 3 1655912133 1000
30 0 0 1331246039-76e01ffb8ef5742d2e750609d6359a46 27 1655912139 1000
30 0 0 1331528160-fab1a7da0d17fe598c7b1131486190f9 7 1655912140 1000
30 0 0 1331528160-fab1a7da0d17fe598c7b1131486190f9 10 1655912142 1000
30 0 0 1331089622-9dc810ef3cace633c654491256534929 11 1655912151 1000
30 0 0 1331068737-079dbf41c833acf9539768de0b2063d0 62 1655912157 1000
30 0 0 1331192809-51417d1a25d12d31940094c6b3eaebe7 1 1655912163 1000
30 0 0 1330868820-a46ef7673066e7b14b40b544b56eb4a1 101 1655912184 1000
30 0 0 1330868400-af6e167b72b0a2d2f7a8591c3952349a 47 1655912187 1000
30 0 0 1330874460-6cc30a7e511292dc475214ec75f4c793 57 1655912188 1000
30 0 0 1330879320-bb4708a272ba239d4ccd0eac78e8e6af 85 1655912195 1000
30 0 0 1330878300-75aae3e1948153d604a245ab53da4467 33 1655912198 1000
30 0 0 1330878300-661bcc554272a000eda5ab629af9353d 16 1655912200 1000
30 0 0 1330876260-5b3852cc6be8c28683590c6fc632704d 100 1655912201 1000
30 0 0 1330867260-19e2385c0eec9de7f9cf6e33e31dce6d 125 1655912213 1000
30 0 0 1330851000-48fe33f8078d8b22a3ed2f03d1776b8c 42 1655912227 1000
30 0 0 1330855980-91f1bd03ad7c5a36a7816dbbac1dd2f8 20 1655912230 1000
30 0 0 1330851900-e6367a18bce15f2dca95186430ff2969 64 1655912231 1000
30 0 0 1330855080-46b45ce7a2ab4f61be095ae98131bd1f 129 1655912236 1000
30 0 0 1330851900-e6367a18bce15f2dca95186430ff2969 62 1655912239 1000
30 0 0 1330883100-56e51c9a0fbad1956ad63e800e9a34b8 25 1655912240 1000
30 0 0 1330883100-c798c08fd4534deaf00fe81d0141277f 0 1655912243 1000
30 0 0 1330951920-22ebc71e2de9663bbed41148b29d0abe 146 1655912245 1000
30 0 0 1330953780-045ef32d1fd00ff44eb60484aa06d5c7 50 1655912248 1000
30 0 0 1330953780-045ef32d1fd00ff44eb60484aa06d5c7 63 1655912249 1000
30 0 0 1330953840-6aa8b73b446ae72d7857eb9f59e85ab7 32 1655912251 1000
30 0 0 1330954980-383a607fe88adfdf6f5c28d28efd3114 18 1655912257 1000
30 0 0 1330957560-b827f8d3a6c6f158d62058db5a8ef7f8 9 1655912259 1000
30 0 0 1330957920-b6070a271a9b52822cf9a3a5c4e0b718 10 1655912261 1000
30 0 0 1330947840-39109706766d7a5af84821baddf0bf41 37 1655912266 1000
30 0 0 1330945200-53c1b43c7eba4eee109dd28eaf01a1e9 26 1655912266 1000
30 0 0 1330933680-108dc68ee2ca1011de4b8f80372344cd 8 1655912279 1000
30 0 0 1330922100-248aa0da0312a292e7630f47cfd3a9c9 103 1655912279 1000
30 0 0 1330950720-906294d9120d30bbf0c6fb09b90b7d35 29 1655912280 1000
30 0 0 1330888380-f9bc80634cfa4e31c795965113d4d79b 29 1655912288 1000
30 0 0 1330857420-a5209d95a38a1e15863f4d10e3f6da5e 63 1655912316 1000
30 0 0 1330852900-685528afe1148ff6aa0582be8bef9c3d 49 1655912326 1000
30 0 0 1330908780-4d667877859bf6d510710b0191c15a2c 102 1655912360 1000
30 0 0 1331034600-190c545ad08a0c784bbab4f2cc08132b 92 1655912385 1000
30 0 0 1331038080-1316c5a898c6176055b313c2c30b5c45 35 1655912385 1000
30 0 0 1331213040-d846d2d267b4f0e64cc9195bb6185d35 38 1655912389 1000
30 0 0 1331025660-ae9c513c864f21cec4545e7a82de7a2f 0 1655912399 1000
30 0 0 1331075760-dbf3a11eb20af0225692b22eeab07ff4 340 1655912403 1000
30 0 0 1331117081-c3264a4145b1cc9f54b26b72bf36b691 47 1655912404 1000
