39 0 0 1359802494-2bd55805e5c1c8cddb63f8ba1af5b338 248 1655973477 1000
39 0 0 1359726942-de4c91ad0f255c7a40b39a4bac254017 64 1655973478 1000
39 0 0 1359734711-fe2ecff3119d04c5e462f5c9e5c763b6 16 1655973487 1000
39 0 0 1359726942-de4c91ad0f255c7a40b39a4bac254017 22 1655973490 1000
39 0 0 1359736260-8288b346497d6ec2e2f79b9a83462557 32 1655973585 1000
39 0 0 1359732900-564c2bb1fae61a8b7ce310e6846495ef 5 1655973586 1000
39 0 0 1359720464-3de85ddbe20f38c1968ff0f672dc64b2 33 1655973592 1000
39 0 0 1359802494-2bd55805e5c1c8cddb63f8ba1af5b338 378 1655973643 1000
39 0 0 1359802615-2bd55805e5c1c8cddb63f8ba1af5b338 3 1655973656 1000
39 0 0 1359802494-2bd55805e5c1c8cddb63f8ba1af5b338 7 1655973661 1000
39 0 0 1359825685-a760d821e2f35d158adf940213cd62f7 82 1655973663 1000
