37 0 0 1325268600-328d8b1c2cbdaa02e965873ca79db169 83 1655972843 1000
37 0 0 1325354816-20622517edde04a80e36e2fef1a79a94 0 1655972851 1000
37 0 0 1325300400-5f1f66643f12aa59c4ea0f2d5e62ce4b 57 1655972852 1000
37 0 0 1325488440-79405e6c8790ac908a7318d684550431 0 1655972856 1000
37 0 0 1325667360-be61263f8658ecea48f3f949c5c1949c 0 1655972860 1000
37 0 0 1325536200-7b61a7d376a7e70138686c31976261e6 72 1655972862 1000
37 0 0 1325568600-f3f1c579ab2e221fb56545a0a318cc91 46 1655972866 1000
37 0 0 1325688180-c63a687b5a2c55287b383950f3640098 29 1655972867 1000
37 0 0 1325318280-29817fe42f4174285225d74f0fdbb621 49 1655972873 1000
37 0 0 1325512800-4076ad5f9e904b933b627bf7fa148a67 26 1655972878 1000
37 0 0 1325343600-7535380985c61029f73dc3d9e0b392a8 0 1655972888 1000
37 0 0 1325336400-d9dd519bd9aff681f812485a7469b19e 44 1655972890 1000
37 0 0 1325483423-7d8233811832c436bbe6fc135e6e67d2 0 1655972895 1000
37 0 0 1325454840-a99fb549d3f56c818c7d95b8d5a3fc94 31 1655972897 1000
37 0 0 1325325720-7fe7689f6b1a0a377ee49df70234864f 35 1655972899 1000
37 0 0 1325378220-e3a4e172c67bba7c8070f0505f59834c 29 1655972901 1000
37 0 0 1325540557-54bf92912c9f73fda853e80242ee6bd3 10 1655972909 1000
37 0 0 1325656020-d1f5a3d2f5321ce7750c4b4499eb492d 39 1655972914 1000
37 0 0 1325427779-f7672946bca4d58d78acd2e24f669601 2 1655972915 1000
37 0 0 1325270940-efb2dc9aeee4ffd1f0460857d2afc005 21 1655972918 1000
37 0 0 1325367240-5d6b059c2426b9573ed8513291b3aa62 1 1655972921 1000
37 0 0 1325347260-4604b4add80e7f8165af3a622f49c527 65 1655972927 1000
37 0 0 1325535523-ee6f920953d88516db43d5fc62eeceee 1 1655972929 1000
37 0 0 1325272800-8b0862b716362b463667bc4d5a881ee3 83 1655972936 1000
37 0 0 1325542593-4d37cbfd0134199682ef429f5d7cfbc7 2 1655972948 1000
37 0 0 1325454748-e20121a384068e67a4c69d4dc582c59a 1 1655972952 1000
37 0 0 1325518500-2cbe6e65523045ad77ebbb8c5686fc50 28 1655972962 1000
37 0 0 1325517900-199217311f94820e4a5cb2f2d93194d5 131 1655972963 1000
37 0 0 1325509200-79759265104e8519c945821865a70531 220 1655972968 1000
37 0 0 1325565120-bec318f042103bbc9abe292335edd5c1 54 1655972970 1000
37 0 0 1325719260-f2377a410cd9b57556fad4999e746dbb 54 1655972975 1000
37 0 0 1325337906-72593879793a708dc8336927b0b204e2 1 1655972984 1000
37 0 0 1325729820-6755b9d56b8e7161a91b2081d4df81df 8 1655972987 1000
37 0 0 1325743790-8e43d8b2e9a24687c3ba0e404b3a2f78 7 1655973004 1000
37 0 0 1325641144-e40b3d300da39fe320108412b4b83fd3 12 1655973012 1000
37 0 0 1325700420-e12699b2c10147073df7bd2dbdad12c1 131 1655973013 1000
37 0 0 1325606227-b8ae5139226742597017646f950acef5 0 1655973015 1000
37 0 0 1325670780-99d0f73615f5d475db1a711b30b0a480 136 1655973019 1000
37 0 0 1325727367-1c7c61ce95945219b5897391bd099c1e 7 1655973024 1000
37 0 0 1325541000-15d9bd8b92cba8935d7229b36d5cd81b 108 1655973038 1000
37 0 0 1325571120-3a0d77dd5ed948a6eba31f36265843a3 66 1655973043 1000
37 0 0 1325641247-c7853fd7388f6550754b57d9fb8fc953 1 1655973049 1000
37 0 0 1325565420-8594bdf7b1007b918be1bed376bb4aa3 31 1655973071 1000
37 0 0 1325570760-749abd6519dc19b52412c690d7164ef9 127 1655973072 1000
37 0 0 1325655060-3547807663f4fcf8d9378fe0fdf1717a 36 1655973078 1000
37 0 0 1325681507-d5b22f53491c0eb25cefeebb201ed196 22 1655973078 1000
37 0 0 1325540760-2dc08f7f0205939c3e19798f5d194c3a 8 1655973108 1000
