10 0 0 1353628046-0c46b448c2b5a925980a36ad05703040 0 1655905888 1000
10 0 0 1353521699-8ca068d87b2befa82f71a6a35f78871e 37 1655905890 1000
10 0 0 1353546980-6a3ef9da682ef0818b8dcc2defd7cc2c 0 1655905895 1000
10 0 0 1353546980-6a3ef9da682ef0818b8dcc2defd7cc2c 9 1655905946 1000
10 0 0 1353625705-17865730e5a6577bc79a584a03954266 2 1655906024 1000
10 0 0 1353691269-39832bd2986b6a99e0069f461dd1c847 5 1655906028 1000
10 0 0 1353694874-a9934cdd143e6b5ad2fbc1035119bd09 0 1655906036 1000
10 0 0 1353696676-6e569d861cc4e13e4ba45db4b8f35622 2 1655906036 1000
10 0 0 1353521699-8ca068d87b2befa82f71a6a35f78871e 39 1655906043 1000
10 0 0 1353522955-87aee363b6d652769eebbb274a98afe2 12 1655906052 1000
