46 0 0 1347352633-529c12d25c4bb1b9bf66f0e2e8f0ca26 233 1655975288 1000
46 0 0 1347462260-9ccb3378028e26c47fe7e46df59a4d6f 90 1655975292 1000
46 0 0 1347449693-f5ddf91e1094e1b4354fa09a7da9eec6 95 1655975300 1000
46 0 0 1347448066-e4f12c894b5831335a6830bf75a889ce 18 1655975314 1000
46 0 0 1347508857-5130de5d67d33dfa26487697d55f6eb7 31 1655975319 1000
46 0 0 1347474309-33e0f30820ce5f8086cfa1b94a036ed5 37 1655975321 1000
46 0 0 1347470352-50ac99edb2c5fc2764bf20ae97202b3c 64 1655975322 1000
46 0 0 1347455729-9efcbd1893550ae121c571992fd9e82d 65 1655975324 1000
46 0 0 1347397525-a5ba7c30dbf38d43eb6a941edb63dc92 51 1655975326 1000
46 0 0 1347392036-ec2c39de5f28acbfde483ec8ddef1acb 58 1655975328 1000
46 0 0 1347443417-85afbf3bd003bd89b414e554c7dde32a 621 1655975334 1000
46 0 0 1347415720-d5d9b6c9c1a4f932bbde21df4a65144c 136 1655975336 1000
46 0 0 1347391906-ec2c39de5f28acbfde483ec8ddef1acb 65 1655975341 1000
46 0 0 1347390084-78cf34be83c63721d59d112aae3ecc1e 341 1655975343 1000
46 0 0 1347463100-1c88fa103add4e1402ead1da306457ef 14 1655975345 1000
46 0 0 1347595594-6c3a5a446705d033a6b7b21dfe19dff8 241 1655975346 1000
