3 0 0 865fd5da5b15350cf03fb82530f28cb4 2 1655893288 1000
3 0 0 9a1a165564271233b3acd7e53119dd2c 9 1655893288 1000
3 0 0 0f688285e70e4fdf863f417e99bb70ff 2 1655893289 1000
3 0 0 49bcab0b1a2053edf51b53bd130270d3 0 1655893293 1000
3 0 0 5dfefea0666b6c9a325c562a62c8eb73 4 1655893294 1000
3 0 0 e47a50bda83f9ae5763eea4743ea9517 215 1655893295 1000
3 0 0 e47a50bda83f9ae5763eea4743ea9517 45 1655893296 1000
3 0 0 425aad22e5af177a00f97879f21072e5 6 1655893297 1000
3 0 0 7b815cc5c31e3f864d40917d9c130662 0 1655893298 1000
3 0 0 e56d0ec97fc6d9722f07fc94b2f74662 1 1655893300 1000
3 0 0 e4a121ba77deb64bdd350d9f4b167c89 11 1655893303 1000
3 0 0 6185badc88e49c7ea9e4bb09f76a1e50 4 1655893304 1000
3 0 0 56d4bde3e583f9ab79873ea45929703e 14 1655893306 1000
3 0 0 7db0c5aa126043f520b2b0c5b5a1f3f1 13 1655893307 1000
3 0 0 3c1b2cb8957b18845b167e4fcdd6976b 7 1655893308 1000
3 0 0 42ffdfe7220d2877ee43668f66a53c9c 58 1655893309 1000
3 0 0 52722814c0226162a1b716de4546e825 2 1655893312 1000
3 0 0 3be4035e01e459d90aa46535b4b67861 1 1655893313 1000
3 0 0 f1be34912cc89ba932bcc23287f4c762 1 1655893315 1000
3 0 0 ceda334e74f37aec82d99360f31042d4 18 1655893315 1000
3 0 0 96ac69cbc06e08103a4dfa184fae64b4 2 1655893317 1000
3 0 0 cb4eb3b31299ca1b4112f7197d8986cb 16 1655893318 1000
3 0 0 cb4eb3b31299ca1b4112f7197d8986cb 17 1655893318 1000
3 0 0 59881ee477522098a6c878c5c9c1edbd 9 1655893320 1000
3 0 0 ba46e12b36fa5a709e27c173ff4767f2 3 1655893325 1000
3 0 0 e8446fe07078282055801c52b62bb8e0 9 1655893327 1000
3 0 0 217ea80c5c8ad8a2d33cc7d88cc95359 1 1655893328 1000
3 0 0 7482ee3c0d9129e5c9347aff9cd3f5cb 0 1655893330 1000
3 0 0 a0e0dd663819e7379391ac6b2e9396ea 16 1655893336 1000
3 0 0 cb4eb3b31299ca1b4112f7197d8986cb 24 1655893342 1000
3 0 0 cb4eb3b31299ca1b4112f7197d8986cb 22 1655893342 1000
3 0 0 85f4816d30b485624ed8f4f8a91fe050 49 1655893343 1000
3 0 0 beef6b7091724b0e2ee8ce42b22094f5 7 1655893347 1000
3 0 0 52dee87a315492bec2e00fa0b7875dfc 2 1655893354 1000
3 0 0 7846e3dd4673980ac306afeb39ea5009 6 1655893357 1000
3 0 0 0895b29e002afc4633d5cb26497bf712 9 1655893358 1000
3 0 0 05178297e73bdf554303af7cd015dc28 65 1655893362 1000
3 0 0 ca113a4e42c198183f6f90dad8430384 0 1655893366 1000
3 0 0 fb5d43cb7374dad2eafbcc5b6b419025 3 1655893368 1000
3 0 0 8ba11fedca64ac2757fa912d64a98704 3 1655893370 1000
3 0 0 0bca5fe119ce734bc67d6aae5f6815b9 12 1655893372 1000
3 0 0 7dd2687caea6c6cfde3b87f8e1238e34 56 1655893374 1000
3 0 0 e51027c8bac98a1d544a718390d8d9b9 7 1655893376 1000
3 0 0 d898b99b016ae0f53943261a8935ae79 2 1655893379 1000
3 0 0 fae0471b4d294ad94293349d79c2f5f9 55 1655893384 1000
3 0 0 7f5a54e364a301fcd28cdf607b50bd2d 1 1655893390 1000
3 0 0 1342795499-8eef4f1892b1b84f60bfb6cddd170e04 38 1655904419 1000
3 0 0 1342798617-4ffd07e1a43f632383c14ff81f704d6e 2 1655904420 1000
3 0 0 1342798814-f39bf843bc8065d3dc6a315a1d05a4cb 4 1655904420 1000
3 0 0 1342998866-9c456ec2b0370d03df8ce5019659451a 22 1655904425 1000
3 0 0 1342975175-cb4eb3b31299ca1b4112f7197d8986cb 41 1655904426 1000
3 0 0 1342939757-bb8fecb088cffea12be2169669831089 12 1655904427 1000
3 0 0 1342895242-4fddfa46dfd96c21fcf8893b519e3d82 4 1655904428 1000
3 0 0 1342888451-ba46e12b36fa5a709e27c173ff4767f2 3 1655904429 1000
3 0 0 1342888451-ba46e12b36fa5a709e27c173ff4767f2 21 1655904430 1000
3 0 0 1342870239-e8446fe07078282055801c52b62bb8e0 9 1655904432 1000
3 0 0 1343035526-d898b99b016ae0f53943261a8935ae79 41 1655904435 1000
3 0 0 1343078953-a54034f72c94a22841b2054b24294c29 23 1655904435 1000
3 0 0 1343392184-769e19c255ec698e24f9dd64afc78e44 5 1655904438 1000
3 0 0 1342804893-083762cf14e1c8d751a42cf8e36e3f0d 0 1655904439 1000
3 0 0 1342799923-e1a35a004609c1c39f5805364121bffb 12 1655904440 1000
3 0 0 1342798861-0895b29e002afc4633d5cb26497bf712 9 1655904441 1000
3 0 0 1342795499-8eef4f1892b1b84f60bfb6cddd170e04 42 1655904444 1000
3 0 0 1342825505-fd086c078b5b9fd71db1d4a8010a7a54 180 1655904445 1000
3 0 0 1342840612-14f5da41f8b5ab9425aa330b9f8175c2 298 1655904447 1000
3 0 0 1342824756-52dee87a315492bec2e00fa0b7875dfc 2 1655904447 1000
3 0 0 1343590124-b42857d3adc8a87f757546f103f78d97 13 1655904449 1000
3 0 0 1342782526-a136427465829eca69f16e906ddde6cb 25 1655904450 1000
3 0 0 1342814448-dd4cc4a82cf6e53e0470cc961ddd4ea6 0 1655904450 1000
3 0 0 1342845905-beef6b7091724b0e2ee8ce42b22094f5 7 1655904452 1000
3 0 0 1342775862-581c5cea369ed36f869b1d25fad094b0 12 1655904457 1000
3 0 0 1343205305-7dd2687caea6c6cfde3b87f8e1238e34 52 1655904459 1000
3 0 0 1342779071-c9e166f5902134330945116ca162e5d6 0 1655904460 1000
3 0 0 1342778393-b373d93f0e4daa698dcbc63df1c2ac9d 18 1655904462 1000
3 0 0 1342780782-56d4bde3e583f9ab79873ea45929703e 16 1655904468 1000
3 0 0 1342797785-f83fc587d67e7ecde156f8c3ad42f373 4 1655904474 1000
3 0 0 1342806048-2cb51d3c3bcf32f5863b0945267f8940 32 1655904475 1000
3 0 0 1342798814-3c1b2cb8957b18845b167e4fcdd6976b 7 1655904476 1000
3 0 0 1343020532-425aad22e5af177a00f97879f21072e5 6 1655904480 1000
3 0 0 1342831499-59881ee477522098a6c878c5c9c1edbd 9 1655904487 1000
3 0 0 1342795103-42ffdfe7220d2877ee43668f66a53c9c 0 1655904490 1000
3 0 0 1343041051-68c6481831260b9e2feff39db40e71f7 30 1655904491 1000
3 0 0 1342806048-2cb51d3c3bcf32f5863b0945267f8940 38 1655904495 1000
3 0 0 1343043587-878334a6d8f43c8f729db7b56b9e1512 12 1655904499 1000
3 0 0 1342975175-cb4eb3b31299ca1b4112f7197d8986cb 22 1655904501 1000
3 0 0 1343129812-85f4816d30b485624ed8f4f8a91fe050 49 1655904503 1000
3 0 0 1342975175-cb4eb3b31299ca1b4112f7197d8986cb 24 1655904505 1000
3 0 0 1342959822-865fd5da5b15350cf03fb82530f28cb4 2 1655904508 1000
3 0 0 1342954111-dc842f634fd9fdba529ff912e777534c 35 1655904509 1000
3 0 0 1343009373-5dfefea0666b6c9a325c562a62c8eb73 3 1655904512 1000
3 0 0 1342976972-2ebce6ea3ae89e50a16af882f7d09674 0 1655904517 1000
3 0 0 1343131278-ca113a4e42c198183f6f90dad8430384 0 1655904523 1000
