19 0 0 1327381920-0ebd844b42cc63c73906b17eb213b827 13 1655909250 1000
19 0 0 1326788520-8e474746cae5770e4f98c9aee3ea99b7 97 1655909251 1000
19 0 0 1326808380-fe5c911eae6bb82598f9b62a45546a89 53 1655909252 1000
19 0 0 1326809580-e23ad3df986cadb26a8c0598c8290cb3 32 1655909252 1000
19 0 0 1326819300-9066f6664897d88728315e6b40fa1510 9 1655909252 1000
19 0 0 1326897120-b2452b70800ef23ec1998f854cd26fa5 24 1655909253 1000
19 0 0 1326902100-7eacbdddbfb02c89223113c8b9f8dc5d 49 1655909254 1000
19 0 0 1326993960-219f0529cfd07e6a279afd4f32e352a3 23 1655909256 1000
19 0 0 1327017000-b31ac0394f538c27e4cabd9b0544cce3 76 1655909258 1000
19 0 0 1327061700-ad49efd5ba9ee2e2dcb266019670c968 43 1655909259 1000
19 0 0 1327061700-ad49efd5ba9ee2e2dcb266019670c968 67 1655909260 1000
19 0 0 1327063080-31d7e0d9061729fae7b025e12d124b78 51 1655909262 1000
19 0 0 1327090320-6af99d740e2e93a60d02a3db10019a77 1 1655909262 1000
19 0 0 1326786960-ec775887514b3ddc517659706572cd72 28 1655909263 1000
19 0 0 1326783720-1ded162a80c27a7fe153b46e681d7663 111 1655909265 1000
19 0 0 1326766500-b3b09e6c1c3257bdb7b6461cc40ba228 39 1655909266 1000
19 0 0 1326668160-845f3d05b71d5204be526d3cf54c56d3 57 1655909267 1000
19 0 0 1326669240-9b21cadee1c1779735711843ab121cca 35 1655909267 1000
19 0 0 1326674400-3dfcb044f60d73a47c5abc4cc52be5f8 32 1655909268 1000
19 0 0 1326682680-18161e61dcbaad6c278e9a9aca64217a 104 1655909269 1000
19 0 0 1326690120-a5cd59eb7256b5bd0173ad5f9986e528 58 1655909272 1000
19 0 0 1326756660-df09b9882b09f0c0a6db9ea33397572e 12 1655909277 1000
19 0 0 1327299960-24892296dc0e61c18a8818bf7b86dd15 39 1655909279 1000
19 0 0 1327061520-576b3970cc5443ec97b613baa6b42169 32 1655909281 1000
19 0 0 1326824100-6c89623670d34532ffce56d41f49dadc 37 1655909284 1000
19 0 0 1327410060-ec477fa46d611576fba89774604fec1a 31 1655909296 1000
19 0 0 1327420860-0eb4294e652d307d7d5aae102948a78f 33 1655909297 1000
19 0 0 1326609900-3b27dada54ca021341a1428c33d5d38f 118 1655909300 1000
19 0 0 1326652020-932268f8d14f57792a3d696693b81428 59 1655909305 1000
19 0 0 1326665520-5ea34b49a01422b041b3b46ba37aa7c8 0 1655909305 1000
19 0 0 1327419840-74c1be08537d1e1dbd966b63cd70976c 0 1655909308 1000
19 0 0 1327425240-f27d416d46c1207da56b4c9d628679a9 0 1655909310 1000
19 0 0 1326662700-92642099aea6c5dab18f4859e3d16bec 70 1655909310 1000
19 0 0 1326622800-028d676377d8624a99456e137b08103f 36 1655909316 1000
19 0 0 1326621240-eeb76ead64ec7b3955238b11a24acf16 0 1655909316 1000
19 0 0 1326662640-c57542a5c2d47a1c0803926d0a3a9cfe 37 1655909319 1000
19 0 0 1326885180-8062ab632e1b538b0fe58ab6c40b9f46 36 1655909323 1000
19 0 0 1326756540-7f0227c6602a017da4850c0dbda4dac5 131 1655909323 1000
19 0 0 1326594600-23c03e5146a082aa43661443ba8e07ab 36 1655909323 1000
19 0 0 1327318320-7e22591e9c63f12125cc6a28eed8d1bb 95 1655909333 1000
19 0 0 1326682680-18161e61dcbaad6c278e9a9aca64217a 71 1655909336 1000
19 0 0 1326698340-fd5d54e2f49f24708ea2159e6b0ab727 85 1655909337 1000
19 0 0 1326723300-f58a38b59c78c846e56688f1001cfef3 13 1655909357 1000
19 0 0 1326742920-efa44fdafbe29333cafedfce1ba78d95 25 1655909363 1000
19 0 0 1326665760-44afc8de3ddd427054d0abd0051d62de 58 1655909376 1000
19 0 0 1326786960-ec775887514b3ddc517659706572cd72 31 1655909385 1000
19 0 0 1326659100-b703189cb09bdcbf320417f92869dd75 64 1655909387 1000
19 0 0 1326594600-23c03e5146a082aa43661443ba8e07ab 39 1655909391 1000
19 0 0 1326670560-2e6c102652d346634f21fd8354caed5b 21 1655909398 1000
19 0 0 1326724860-556c616f79df3aa9f85db3637ce3533b 1 1655909406 1000
19 0 0 1326711780-139f6a80c02415fb1dcc90e2d266a39a 100 1655909406 1000
