45 0 0 1351395139-01266833802b5425b2dea93714376c52 33 1655975101 1000
45 0 0 1351573816-1ba516d86b448a353f1e6336245eb0a3 350 1655975107 1000
45 0 0 1351405991-51cee196a142e1e724cace46422cf48e 42 1655975114 1000
45 0 0 1352165090-09ecb439bd9ebe62ecfe78d11559fb3f 60 1655975123 1000
45 0 0 1351673780-2dc2aefa461c0e350f9809156a84d782 70 1655975136 1000
45 0 0 1352162828-0d1d841217d90f320603938795b901ff 50 1655975151 1000
45 0 0 1351573816-1ba516d86b448a353f1e6336245eb0a3 287 1655975153 1000
45 0 0 1351453488-7f552c189e58be968cafa45b78c5b231 47 1655975159 1000
45 0 0 1351514170-2940a351fe62f7c299ee50c597b0a4e2 22 1655975161 1000
45 0 0 1351405697-51cee196a142e1e724cace46422cf48e 42 1655975172 1000
45 0 0 1351406368-79f5ac0c39e23d3ef8296de690e2f3f7 273 1655975173 1000
45 0 0 1351415182-d5c1bad9cf8a274bd7c323348fe7bf52 56 1655975179 1000
45 0 0 1351509209-cd0591063f011d93a7797963133d02b8 190 1655975203 1000
45 0 0 1351482345-b13a223a425cb8ced7b444a782d78f4f 1 1655975215 1000
45 0 0 1351439016-c8226ee8e3a58bb4be3ce3e5c1db2fe1 5 1655975220 1000
45 0 0 1351472005-ce02f559d32c5c0dd8903f55fdfb0485 59 1655975253 1000
45 0 0 1351454998-6213e4425732671c7bcfab5070be9693 0 1655975259 1000
45 0 0 1351532008-ebde956250de323c3060232e5e1d7c92 27 1655975260 1000
45 0 0 1351434649-8ba72b6d548a59923da6b91d0e002fc7 9 1655975262 1000
