9 0 0 1352352114-2b46b3fce94dbfb8954453d060132620 173 1655905743 1000
9 0 0 1352509401-14b9ed10796ee87b0e8c30a9227b2772 1 1655905744 1000
9 0 0 1352407691-7dd35069fd4d30fdd3471f7ae86d182a 52 1655905746 1000
9 0 0 1352694861-00388155768c6c47878479b92f2b83ec 4 1655905753 1000
9 0 0 1353014305-cc165fdf1b799c3c2c7ef815b5c3d8d1 0 1655905757 1000
9 0 0 1352309460-021a2c2d0cf8b7456b5d6d65145cd52a 5 1655905762 1000
9 0 0 1352308133-639032d197e83f94ef40df6a4c916fde 4 1655905763 1000
9 0 0 1352311605-96772f0940ab789baa1e43f7ef472a5d 3 1655905764 1000
9 0 0 1352346779-43eaec0211a7c916614328bf5da73933 5 1655905768 1000
9 0 0 1352356950-a90ddc310b81aa2b344739e9509572e9 81 1655905769 1000
9 0 0 1352394995-7a60ec63166cb995b47754d98a9bcf71 75 1655905771 1000
9 0 0 1352320091-c9f082982b7841436d9275b760a43801 7 1655905772 1000
9 0 0 1352317895-139785b66e307c7f751542c819218fac 0 1655905775 1000
9 0 0 1352338145-67d02bac909f40c78df5e670f2fef497 1 1655905779 1000
9 0 0 1352338145-67d02bac909f40c78df5e670f2fef497 3 1655905780 1000
9 0 0 1352351811-00c8c909483a8749da51d3a501d81c4d 0 1655905782 1000
9 0 0 1352390319-3d9aaf6dbfd96e8a2f2beb6f1b7e774b 0 1655905786 1000
9 0 0 1352346755-0721de8fe5aa04c5c2f6888ee112104a 26 1655905788 1000
9 0 0 1352603426-ac8b3bc12a7acaa1a98582a6ef840c9b 1 1655905790 1000
9 0 0 1352603426-ac8b3bc12a7acaa1a98582a6ef840c9b 2 1655905791 1000
9 0 0 1352329275-098a8ee777f7023f02a3647afc8d03f6 15 1655905797 1000
9 0 0 1352310959-8b3386bb2dfbb875e7d2bd4a92dd99b8 0 1655905799 1000
9 0 0 1352769837-bcbf873f8dc35a4041290a16e8e29798 0 1655905813 1000
9 0 0 1353018622-5d241896e50ce747424aab75d69bc36a 6 1655905814 1000
9 0 0 1352438397-16f5f1a8a68d61cde1222eb618a34814 108 1655905818 1000
9 0 0 1352344686-4c3eb77a086a0cbff460b4dc36ba826d 24 1655905837 1000
9 0 0 1352453009-f1848bf29f1a01e09822d1b1742e286b 9 1655905841 1000
9 0 0 1352334728-176891a137024a35a37457370c644e89 3 1655905843 1000
9 0 0 1352363040-ee8b0da34e1c5cb3812121cb54df496e 64 1655905848 1000
