16 0 0 1330271940-e452e759d3099a57854a8f54ed20e1af 0 1655908416 1000
16 0 0 1329823260-a80218aa88c80200fce649ef023b6be8 29 1655908417 1000
16 0 0 1329933600-56760acf4fe368e232513328ea64e44d 27 1655908424 1000
16 0 0 1329932580-fcf4d8a2326fecbd40249522c00b3f27 41 1655908424 1000
16 0 0 1330386660-51bbfc821a46bffe12abf5a8f7e456f4 77 1655908425 1000
16 0 0 1330351620-be2baa654b2a1a2f7026d04d94767021 45 1655908431 1000
16 0 0 1329839760-ca9cfd2c02f9847092e7be15d7abb54c 64 1655908433 1000
16 0 0 1329856080-a8bf3fc184372929bd51910945a793c5 38 1655908435 1000
16 0 0 1329839760-ca9cfd2c02f9847092e7be15d7abb54c 101 1655908436 1000
16 0 0 1329831600-5fe947d80742a549caabef24ba5391a4 51 1655908436 1000
16 0 0 1329826320-e263c57174983c3f878b642474b49053 0 1655908437 1000
16 0 0 1329820500-db015b9d68ccfb984b2f1b57a427089a 0 1655908439 1000
16 0 0 1330319820-b578da4d10330724f73e06715899ed95 20 1655908440 1000
16 0 0 1330208880-aca4c27e0c664756aa2dc85c1e48e73a 21 1655908456 1000
16 0 0 1329879420-1269f42da56ea7aa8add54f2951aff42 57 1655908458 1000
16 0 0 1330262700-1fbd36f7323d9fb423ecde59b786f770 39 1655908459 1000
16 0 0 1330293480-e247e96a44740baba649b3e4ece4d41f 53 1655908465 1000
16 0 0 1330233480-5a2dd50f517d9f77995672270bd4e53b 199 1655908476 1000
16 0 0 1330228740-a37d989fbc3ce949aabdd549f5a60a89 95 1655908477 1000
16 0 0 1330351620-be2baa654b2a1a2f7026d04d94767021 56 1655908481 1000
16 0 0 1330378140-7455c0690c7248289dbcf746105e8a50 82 1655908482 1000
16 0 0 1329858000-6c11f75ff9c6c76dc0db1c816451f410 5 1655908492 1000
16 0 0 1330386660-51bbfc821a46bffe12abf5a8f7e456f4 75 1655908495 1000
16 0 0 1330052940-0a3a7ab3d93d121dbe91bb460fa8076e 32 1655908498 1000
16 0 0 1329975600-88cd9c19db2c22fdac7edcd26ca4a5b8 44 1655908504 1000
16 0 0 1329925740-8cc6c23b332cb97520633fd9c0491a5c 16 1655908507 1000
16 0 0 1329907980-6fe28c405bff4218d800956420f690e9 39 1655908509 1000
16 0 0 1330057740-e73737229c00974ee046db1134067d05 73 1655908510 1000
16 0 0 1330096080-db67d9ace2a8077cb28b26a326d740af 8 1655908518 1000
16 0 0 1330254180-bd168d84357fceed77b3ad9b0b959540 126 1655908525 1000
16 0 0 1329894960-f0c16819e3d3ca623b51a49ffef92e5a 11 1655908533 1000
16 0 0 1330189080-a0b95bc87d0cddbff8557c592b68f943 25 1655908536 1000
16 0 0 1329839760-ca9cfd2c02f9847092e7be15d7abb54c 100 1655908549 1000
16 0 0 1329834300-ab848dd6a76653889e64f1b563bdd95d 86 1655908551 1000
16 0 0 1329826320-e263c57174983c3f878b642474b49053 130 1655908553 1000
16 0 0 1329816741-9ff271e15bff782aa067d21547cf854b 88 1655908556 1000
16 0 0 1329879420-1269f42da56ea7aa8add54f2951aff42 48 1655908567 1000
16 0 0 1329879420-1269f42da56ea7aa8add54f2951aff42 41 1655908568 1000
16 0 0 1329854160-cbeea7cac5caabefb4471918fb46beda 134 1655908572 1000
16 0 0 1329953040-64fcbc3cdafb47d5d0b67ad3b88c65e3 0 1655908574 1000
16 0 0 1330136400-3922e36eaa7cc69d50424f643302c7ed 203 1655908576 1000
16 0 0 1330158240-e57d8f23ce0e8374e214d765debe8a70 36 1655908593 1000
16 0 0 1330009260-6459dc51343a5a0329d528c66a676437 27 1655908618 1000
16 0 0 1330353660-ebc37dec9080a4c88f8a0327430e94a5 9 1655908625 1000
16 0 0 1330193700-f87fcf7d5c37231dafe9157a8a58e54b 29 1655908630 1000
16 0 0 1329982920-77fb3f87eede130b331a9ff8f7eb7e43 149 1655908651 1000
16 0 0 1329997980-f643939adb6b44f1d77e951cad483961 15 1655908664 1000
16 0 0 1329891300-2919b55b24155c740296babff9494401 15 1655908665 1000
16 0 0 1330071660-f7e92f110c3f9a14de1ee68e00e48a18 34 1655908666 1000
16 0 0 1329854160-cbeea7cac5caabefb4471918fb46beda 132 1655908672 1000
16 0 0 1329863700-a7f0b55f601eec8ab84c4f87efb4ba15 25 1655908672 1000
