33 0 0 1357778932-d3b3ac8ef71071fb190c551ea74591f4 50 1655972027 1000
33 0 0 1357844914-8c05880ba44f5026391621a257cf3781 123 1655972029 1000
33 0 0 1357991066-dc9c9404d26d1521ee2a0147670857b9 10 1655972033 1000
33 0 0 1357957399-93378f1810f2f09f17243941a85de317 31 1655972041 1000
33 0 0 1357943115-43928b576d8b13516648c5728aab7b8f 26 1655972044 1000
33 0 0 1358531133-bd067bffcd06a0f034a9d0b4e7fefdf5 90 1655972066 1000
33 0 0 1357953070-c89209c9faef1f61ddbf1610e9276188 36 1655972068 1000
33 0 0 1358106976-7970819ceb5cebadedb8eccebf155de4 29 1655972071 1000
33 0 0 1358100812-4fe7d493ef85bdeff002615afb760672 55 1655972072 1000
33 0 0 1357908646-5991374085951bd7385d28b65f63a888 82 1655972073 1000
33 0 0 1358002896-77b675f3c4ca06a7c939a8bb02f13b90 10 1655972078 1000
33 0 0 1358020101-eb4295aa22ef786eeeda3ea95a7eb042 34 1655972082 1000
33 0 0 1357983770-b24b09226142bda9dfce2cb41f4aa202 53 1655972090 1000
33 0 0 1358230560-3d2fbe7f25a37eaa22f93f866dff6c5e 96 1655972099 1000
33 0 0 1358439346-bba5daa33cd659fd09fa555e44a8e3f0 1139 1655972100 1000
33 0 0 1357930022-6c6c76e7eb958bdab15d485a3053c5fb 31 1655972104 1000
33 0 0 1357829174-87c12d21b614324e2a4fb8a068ce10ed 0 1655972105 1000
33 0 0 1357828006-28691c594e9d6f5b52816b5955083967 68 1655972105 1000
33 0 0 1357824304-7cb97daa8586d8c06e20f9e066fadad8 12 1655972107 1000
33 0 0 1357816389-70711dc582e285772bd7e7e39ce9faad 124 1655972107 1000
33 0 0 1357975730-d756d2eeddeef2387d888853f6499bdc 35 1655972113 1000
33 0 0 1357870643-bd5dc3a6e19bd05b9afd148a037adc28 36 1655972127 1000
33 0 0 1357867489-bc305a4e125099c7eeab8fac0b9bb8d3 64 1655972136 1000
33 0 0 1357834642-334ade6b57359af37fe4b2d63f27c954 77 1655972140 1000
33 0 0 1358526844-4ad5d4810c79344ef53fa077f4998de2 20 1655972141 1000
33 0 0 1358526844-4ad5d4810c79344ef53fa077f4998de2 15 1655972146 1000
33 0 0 1358352739-00035361b83f60f2d97d82da08662449 209 1655972151 1000
33 0 0 1357995844-f745f0b6ebc27c01842e49c6e2eb1519 22 1655972154 1000
33 0 0 1358021252-e25f7fdce7d4d95fcc16ecad92b8de30 12 1655972157 1000
33 0 0 1357871380-7f144418d3b1df0c54f8c5e84e0d093e 63 1655972167 1000
33 0 0 1357908882-5991374085951bd7385d28b65f63a888 83 1655972171 1000
33 0 0 1357870643-ca838f3904f3c9c22eeb834c53135e40 80 1655972175 1000
33 0 0 1357867236-09e941372ea5c4a47048aa7e7886e0b8 168 1655972176 1000
33 0 0 1357943115-43928b576d8b13516648c5728aab7b8f 34 1655972178 1000
33 0 0 1357995542-a7f2a5cd369e870b2f0381347127ac94 55 1655972179 1000
33 0 0 1358446628-040e0c56644a5b28910fa37c677620d9 45 1655972194 1000
33 0 0 1358191630-2c5fd0fc1b2875c23c00fc7567eabb33 54 1655972205 1000
33 0 0 1358022383-dbfac710418d67f5dc94639b75ceb8de 69 1655972206 1000
33 0 0 1358427413-dcee1e97664ba9d84c9dfb1fb52aa004 102 1655972221 1000
