25 0 0 1360234471-517fe6d280eacec79f3954e767f5bc5d 57 1655910553 1000
25 0 0 1360262523-fefecee34dbbfcecdbe18122c4a7222b 177 1655910553 1000
25 0 0 1360268911-8d8ff043d82a4270ca4fecc3cb4bddea 25 1655910558 1000
25 0 0 1360273877-6b170b5406ad046799d7ecc54bf703c5 42 1655910561 1000
25 0 0 1360276781-944fb61fb6d617c8d56622735afa19a4 80 1655910561 1000
25 0 0 1360280281-1dc4e556cf085f59368689f28b14ffe6 20 1655910562 1000
25 0 0 1360287931-860070323bb30b1e99baa3b47f0ee657 13 1655910569 1000
25 0 0 1360292506-729e0657a92550722a6ef8ab9bc4c4cb 209 1655910570 1000
25 0 0 1360293321-5638260f00a848e2fd6d5b24fd6e4e26 178 1655910571 1000
25 0 0 1360295523-c388cfdcbd1989e8a21d95c4dc5d5ad4 52 1655910573 1000
25 0 0 1360261907-ed53e71d16eb1be4aaef20de18b978b9 75 1655910575 1000
25 0 0 1360261907-ed53e71d16eb1be4aaef20de18b978b9 64 1655910576 1000
25 0 0 1360234471-517fe6d280eacec79f3954e767f5bc5d 62 1655910595 1000
25 0 0 1360220609-409efda7f0cbe6e2fbd632c94acc5844 28 1655910599 1000
25 0 0 1360600638-50b28a8257b90e73de8151d3f2b418e8 56 1655910609 1000
25 0 0 1360607552-3078c6e2b3f4712b3d20c650415ed526 73 1655910610 1000
25 0 0 1360642944-edff06e4e30af277c411868827fdc193 54 1655910613 1000
25 0 0 1360373110-0530aab511db0e6d05790b6556d9eab6 30 1655910637 1000
25 0 0 1360391640-7036008fd240ecd25c41afc5539b407c 49 1655910639 1000
25 0 0 1360521774-e2fa31215e3aca44ee66b805c934eb50 76 1655910645 1000
25 0 0 1360570539-ba432d5835f7f991ba557e11ce791af6 370 1655910645 1000
25 0 0 1360471330-4d9db2be7f4394f65e211c75a78659de 7 1655910647 1000
25 0 0 1360460241-3a06cdb83afacd799678fcda89ca2015 371 1655910648 1000
25 0 0 1360454933-fcec163748ab277f9e67d43342ea37d3 1 1655910649 1000
25 0 0 1360468437-2f46c47ed6bce3366c31ea2d09926ec7 5 1655910650 1000
25 0 0 1360557417-ca53695c8c5f77ebe0ae854dc75ec2a2 172 1655910651 1000
25 0 0 1360504805-85f545169c6f2984c8970de0538ae6ab 42 1655910652 1000
25 0 0 1360261658-fe69b29ef719d833e09d4592991f5b6d 110 1655910653 1000
25 0 0 1360348672-3675eb0b6391c99e6272edede820b7dc 39 1655910664 1000
25 0 0 1360327002-ef3b0aaa47245e80008b70d812f4823e 77 1655910666 1000
25 0 0 1360305140-430062b702d5edfe7169758988285799 24 1655910668 1000
25 0 0 1360260899-b1653c2694e84ebcd2d391752bd93230 127 1655910672 1000
25 0 0 1360460241-3a06cdb83afacd799678fcda89ca2015 511 1655910675 1000
25 0 0 1360255922-20031681ffb8a15bf48f828866d1b4e1 69 1655910678 1000
25 0 0 1360734976-69e3ce1ac0ae7fe40c4af10094402c6b 19 1655910680 1000
25 0 0 1360736923-980b669548c4b2638d75c04e1ea41439 76 1655910688 1000
25 0 0 1360727255-1dc4e556cf085f59368689f28b14ffe6 27 1655910691 1000
25 0 0 1360442094-598c2edfc50c3d8f456fbda1e9f0ad55 6 1655910694 1000
25 0 0 1360470474-d468aa013fac59d8ea7b2097e158f8a8 71 1655910695 1000
25 0 0 1360718427-11ccd3483c018c8002b67e87558be954 50 1655910699 1000
25 0 0 1360726569-183c7862015b5559a7cb0a2a53945965 105 1655910701 1000
25 0 0 1360727774-59c70408a1155fec3479608a4ac8d705 107 1655910701 1000
25 0 0 1360468136-c8f5026c90546d4ccfd1ed2c996e486a 92 1655910704 1000
25 0 0 1360292462-729e0657a92550722a6ef8ab9bc4c4cb 164 1655910710 1000
25 0 0 1360395626-5b46bdc9268c0c650250d71c8a2c545c 56 1655910714 1000
25 0 0 1360436726-a8c170a4fa7f9ab745b719911ca5640d 87 1655910716 1000
25 0 0 1360474139-b967d1e3b899e177d53a4d6ebb4e71a9 108 1655910717 1000
25 0 0 1360211541-6573adc7dafdb3c2a1b484d45d444b07 117 1655910740 1000
25 0 0 1360241257-d1da756d756e1a7baa06286e698c7c1f 31 1655910745 1000
25 0 0 1360263083-3f4047933aaf3e457ce5f036e1de13e9 43 1655910745 1000
25 0 0 1360266717-c49a2d98dbe8f5a8b8b78edac85dc933 49 1655910746 1000
25 0 0 1360485225-94a9f2bce9c601f783dd92b8383716f6 117 1655910747 1000
25 0 0 1360597999-5d5787876023ba6e7fba32522d08a78a 54 1655910763 1000
25 0 0 1360696615-678b2aa4651481e791abc4f14ceb0f0c 114 1655910765 1000
25 0 0 1360718201-b271b9ee7b9bd20df921776735fdf1af 171 1655910768 1000
25 0 0 1360736923-980b669548c4b2638d75c04e1ea41439 84 1655910769 1000
25 0 0 1360736923-980b669548c4b2638d75c04e1ea41439 143 1655910769 1000
