40 0 0 1324507500-9ab43bf1a5115418d7b20d9c0fcdd5b0 116 1655973684 1000
40 0 0 1324629780-9613b048150d801f195c9dc192649b16 18 1655973686 1000
40 0 0 1324621260-67d6068fcc41d4af36255f2c159958ed 143 1655973714 1000
40 0 0 1324621260-67d6068fcc41d4af36255f2c159958ed 141 1655973714 1000
40 0 0 1324618560-6121b307c976037763cf8b4048d4cb0e 0 1655973715 1000
40 0 0 1324564442-671f65a5009f46f024fae4b30eccbda0 85 1655973773 1000
40 0 0 1324890840-7cb0bc6a0c6256d522e389e207ac115c 75 1655973782 1000
40 0 0 1324890240-e5b3ee17e11b510e755bb983f9a2282c 35 1655973802 1000
40 0 0 1324785600-07310509b36fa69a1a84df0231a5d049 123 1655973810 1000
40 0 0 1324761000-7405c14b98ce6322ef938d44702ba866 77 1655973813 1000
40 0 0 1324760955-6adb26dd7fc06109175ec0133c037417 31 1655973815 1000
40 0 0 1324541940-97b9dc749ae1be64ab5f516c188b3f3b 0 1655973822 1000
40 0 0 1324539817-4d9bdeb7e118466e865a3ef90ba7a46e 2 1655973831 1000
40 0 0 1324546560-90e2d11bddaff4bf1742ec015ed4eede 93 1655973840 1000
40 0 0 1324546560-90e2d11bddaff4bf1742ec015ed4eede 210 1655973840 1000
40 0 0 1324542780-370aba653f62ad0b1b3acd8661d94c7b 41 1655973842 1000
40 0 0 1324510800-1a01776c13e91d8a562b21201e7b0034 94 1655973856 1000
40 0 0 1324533060-4bc6bcdf3f9fa07ed46ed84d0192b9f2 25 1655973863 1000
40 0 0 1324547820-128e1209b917f8040ed75337a4a6958a 29 1655973875 1000
40 0 0 1324591616-44c7adb7c4373591d6984f3b6ef50e5e 4 1655973879 1000
40 0 0 1324581571-ef42d0a48c4ef40f31f3b43426dee6c5 11 1655973894 1000
40 0 0 1324562940-376a387e77af3a12a570a57f5b2bda84 13 1655973929 1000
40 0 0 1324539600-6a1c92a912cdf8fd1c04f96bd9f90fed 22 1655973955 1000
40 0 0 1324553580-58a19aa0424ff2b6bc3b4541186fbcb2 25 1655973956 1000
40 0 0 1324589160-09f9812da4e9e06910b5cdc9579e9d38 101 1655973960 1000
40 0 0 1324599000-3182e7182b8c6531c004406ec884be60 89 1655973962 1000
