23 0 0 1360058630-9ebba0cbe56d529930e7cab21c6b854c 49 1655910154 1000
23 0 0 1360825434-2e77f2572f0590acd59f9e0ae61a2cda 25 1655910155 1000
23 0 0 1360140914-a1cdb164056d036ceb394822e3f40a89 31 1655910157 1000
23 0 0 1360942410-acbf522a64999074e081f790ec1e9264 15 1655910158 1000
23 0 0 1361546107-c3dc2db720697a2a8c988a77a30934ff 1174 1655910159 1000
23 0 0 1360562788-96254e509e586189fa62e24cbfd37f14 256 1655910161 1000
23 0 0 1360134982-ca10e33556f8dd1914a8b0ed71169bdd 290 1655910163 1000
23 0 0 1360942410-acbf522a64999074e081f790ec1e9264 41 1655910164 1000
23 0 0 1360958027-7116693e667bc0762f6c91a876918208 233 1655910165 1000
23 0 0 1361043750-00e7c05b3922277f47014c5cfce3f8a6 16 1655910167 1000
23 0 0 1360325805-1a873430e815d2efc12709b83199668b 13 1655910172 1000
23 0 0 1361539600-27f1b648dd1958442875ede4c13dbd51 38 1655910174 1000
23 0 0 1360342000-c1a86ca45d396e5338738b74c76c6851 41 1655910182 1000
23 0 0 1361024940-f1b8f7c7b3873323621191e462990926 89 1655910189 1000
23 0 0 1360338561-1ab13570fd8a16972686d3d20ef3d53f 101 1655910195 1000
23 0 0 1360212842-59934470d78b75924818d96d650852a6 19 1655910195 1000
23 0 0 1361539600-27f1b648dd1958442875ede4c13dbd51 17 1655910203 1000
23 0 0 1360061839-2aede2b1ed47932217a67cf0916da6ca 10 1655910204 1000
23 0 0 1360336002-5abbd6640b2e6b1f2bbd9f60b893d454 47 1655910206 1000
23 0 0 1360873361-701b5a80f9e7e0a3161741b452978914 26 1655910207 1000
23 0 0 1360290275-df1f27a251e35051fb91d834d63d04d3 89 1655910211 1000
23 0 0 1360580317-21fd473af199a460b71110d973ba4393 30 1655910216 1000
23 0 0 1360252336-0714408f188a520c1ff83af35b370c2b 81 1655910227 1000
23 0 0 1360759656-ac6abf618a1d1fac2bef1144e482fac2 0 1655910229 1000
